1 44.5947 73.5272 4.39118 15.6614 87.2832 148.763 8.20188 30.3985 
2 39.6749 57.2723 3.91736 12.474 76.8509 115.407 4.90545 20.4025 
3 34.0193 44.4521 3.43426 10.0204 66.064 87.3616 2.95195 13.9986 
4 29.7578 36.601 3.061 8.35849 57.4293 68.12 1.82796 10.1362 
5 27.2892 31.6339 2.76705 7.21206 51.2691 55.5961 1.19615 7.82134 
6 26.0528 28.2556 2.50592 6.32628 47.0734 47.322 0.826351 6.32571 
7 25.4824 25.741 2.27182 5.60515 44.2542 41.6137 0.596625 5.28429 
8 25.2584 23.7247 2.06319 5.00227 42.363 37.4786 0.446138 4.51541 
9 25.2136 22.0409 1.87741 4.48875 41.0983 34.3528 0.342888 3.92092 
10 25.2677 20.6017 1.71201 4.04598 40.2651 31.9075 0.269315 3.44536 
11 25.3822 19.3535 1.56455 3.66075 39.7362 29.9417 0.215271 3.0552 
12 25.5366 18.2603 1.43278 3.32311 39.4271 28.3266 0.174577 2.72882 
13 25.7188 17.2957 1.31473 3.02535 39.28 26.9763 0.143302 2.45162 
14 25.9211 16.4398 1.20867 2.7614 39.2545 25.8311 0.118853 2.21331 
15 26.138 15.6766 1.11313 2.52633 39.3213 24.8482 0.099458 2.00639 
16 26.3656 14.9934 1.02684 2.31615 39.4592 23.996 0.0838799 1.82525 
17 26.6009 14.3796 0.948721 2.12757 39.6519 23.2508 0.0712305 1.66557 
18 26.8413 13.8266 0.877829 1.9578 39.8875 22.5943 0.0608608 1.52397 
19 27.0852 13.3269 0.813361 1.80455 40.1564 22.0124 0.0522879 1.39777 
20 27.3308 12.8743 0.754616 1.66584 40.4514 21.4936 0.0451469 1.28479 
21 27.577 12.4635 0.700984 1.53998 40.7666 21.0288 0.0391583 1.18324 
22 27.8227 12.0898 0.651934 1.42554 41.0974 20.6107 0.0341051 1.09165 
23 28.0671 11.7494 0.606999 1.32126 41.4402 20.2329 0.0298176 1.00878 
24 28.3095 11.4387 0.565768 1.22607 41.7918 19.8905 0.0261612 0.933588 
25 28.5492 11.1547 0.52788 1.13901 42.1498 19.5791 0.0230283 0.865186 
26 28.7858 10.8948 0.493014 1.05925 42.5122 19.2952 0.0203324 0.802816 
27 29.019 10.6565 0.460886 0.986078 42.8774 19.0356 0.0180034 0.745824 
28 29.2484 10.4378 0.431242 0.91884 43.244 18.7976 0.0159837 0.693639 
29 29.4737 10.2369 0.403858 0.856972 43.6108 18.5791 0.0142263 0.645771 
30 29.6948 10.0521 0.37853 0.799969 43.977 18.3779 0.0126921 0.601784 
31 29.9115 9.88191 0.355079 0.74738 44.3417 18.1924 0.0113487 0.561299 
32 30.1236 9.72505 0.333342 0.698809 44.7043 18.021 0.010169 0.523986 
33 30.3312 9.58032 0.313173 0.653895 45.0643 17.8624 0.00913029 0.489543 
34 30.5342 9.44667 0.294439 0.612319 45.4212 17.7154 0.00821336 0.45771 
35 30.7324 9.32315 0.277023 0.57379 45.7746 17.579 0.00740199 0.428249 
36 30.926 9.20889 0.260816 0.538053 46.1243 17.4522 0.00668238 0.400956 
37 31.1148 9.1031 0.24572 0.504867 46.4699 17.3342 0.00604276 0.375635 
38 31.2991 9.0051 0.231648 0.474025 46.8114 17.2243 0.00547305 0.352124 
39 31.4786 8.91424 0.21852 0.445339 47.1486 17.1218 0.00496462 0.330273 
40 31.6537 8.82994 0.206261 0.418629 47.4812 17.026 0.00451001 0.30994 
41 31.8242 8.75167 0.194805 0.393738 47.8094 16.9365 0.00410278 0.291 
42 31.9902 8.67896 0.184091 0.37053 48.1328 16.8528 0.00373737 0.27335 
43 32.1518 8.61136 0.174064 0.348862 48.4516 16.7743 0.00340894 0.256873 
44 32.3092 8.54849 0.164674 0.328626 48.7657 16.7008 0.00311326 0.241491 
45 32.4623 8.48998 0.155872 0.309711 49.075 16.6318 0.00284667 0.227114 
46 32.6112 8.43549 0.147618 0.292013 49.3797 16.567 0.00260595 0.213661 
47 32.7561 8.38472 0.139871 0.275449 49.6796 16.5061 0.00238827 0.201074 
48 32.897 8.33739 0.132596 0.259936 49.9748 16.4488 0.00219117 0.189287 
49 33.0339 8.29325 0.12576 0.245398 50.2654 16.3949 0.00201245 0.178243 
50 33.1671 8.25206 0.119332 0.23176 50.5513 16.3441 0.00185019 0.16788 
51 33.2966 8.21361 0.113284 0.218962 50.8326 16.2963 0.0017027 0.158155 
52 33.4224 8.17768 0.107591 0.206946 51.1094 16.2511 0.00156847 0.149025 
53 33.5446 8.14411 0.102228 0.195652 51.3817 16.2085 0.00144617 0.14044 
54 33.6634 8.11272 0.0971736 0.185036 51.6496 16.1682 0.00133461 0.132371 
55 33.7788 8.08335 0.0924074 0.175048 51.9131 16.1302 0.00123273 0.124778 
56 33.8909 8.05586 0.0879105 0.165649 52.1723 16.0942 0.00113959 0.117632 
57 33.9997 8.03012 0.0836653 0.156794 52.4272 16.0601 0.00105437 0.110896 
58 34.1055 8.00599 0.0796557 0.148449 52.678 16.0279 0.000976294 0.104546 
59 34.2081 7.98337 0.0758666 0.14058 52.9246 15.9973 0.000904707 0.0985559 
60 34.3078 7.96214 0.0722841 0.13315 53.1671 15.9683 0.000839004 0.0928931 
61 34.4046 7.9422 0.0688951 0.126136 53.4057 15.9408 0.000778643 0.0875436 
62 34.4985 7.92347 0.0656876 0.119508 53.6403 15.9147 0.00072314 0.0824848 
63 34.5897 7.90585 0.0626503 0.113239 53.871 15.8899 0.000672059 0.0776916 
64 34.6782 7.88926 0.0597728 0.107312 54.0979 15.8663 0.000625005 0.0731584 
65 34.764 7.87363 0.0570453 0.101698 54.3211 15.8438 0.000581624 0.0688555 
66 34.8473 7.85889 0.0544587 0.0963781 54.5406 15.8224 0.000541596 0.0647721 
67 34.9281 7.84498 0.0520045 0.0913342 54.7565 15.8021 0.00050463 0.0608925 
68 35.0065 7.83184 0.0496748 0.0865512 54.9689 15.7827 0.000470465 0.0572079 
69 35.0826 7.81943 0.0474622 0.0820172 55.1778 15.7642 0.000438864 0.0537127 
70 35.1563 7.8077 0.0453599 0.0777107 55.3833 15.7466 0.000409612 0.0503855 
71 35.2279 7.79662 0.0433614 0.0736299 55.5854 15.7298 0.000382515 0.0472348 
72 35.2973 7.78618 0.0414608 0.0697571 55.7843 15.7138 0.000357395 0.0442434 
73 35.3647 7.77635 0.0396527 0.0660912 55.98 15.6986 0.000334092 0.0414195 
74 35.4302 7.76714 0.037932 0.0626242 56.1726 15.6842 0.000312462 0.0387598 
75 35.4938 7.75856 0.0362939 0.0593537 56.3622 15.6705 0.000292372 0.0362689 
76 35.5556 7.75062 0.0347342 0.0562834 56.5488 15.6576 0.000273703 0.0339605 
77 35.6158 7.74337 0.0332491 0.0534101 56.7325 15.6456 0.000256347 0.0318369 
78 35.6745 7.73686 0.0318351 0.0507432 56.9135 15.6343 0.000240206 0.0299198 
79 35.7318 7.73113 0.030489 0.0482856 57.0918 15.6239 0.00022519 0.0282198 
80 35.7877 7.72626 0.029208 0.0460455 57.2674 15.6144 0.00021122 0.0267555 
81 35.8424 7.72231 0.0279899 0.0440312 57.4406 15.6058 0.000198224 0.0255455 
82 35.8961 7.71936 0.0268325 0.0422517 57.6113 15.5983 0.000186134 0.0246083 
83 35.9488 7.71747 0.0257339 0.0407124 57.7797 15.5917 0.000174893 0.0239569 
84 36.0005 7.71669 0.0246927 0.0394229 57.9459 15.5861 0.000164445 0.0236103 
85 36.0515 7.71704 0.0237073 0.03838 58.1098 15.5817 0.00015474 0.0235666 
86 36.1017 7.71853 0.0227767 0.0375834 58.2716 15.5782 0.000145734 0.0238287 
87 36.1512 7.72113 0.0218995 0.0370253 58.4314 15.5758 0.000137383 0.0243869 
88 36.2 7.72477 0.0210747 0.036693 58.589 15.5743 0.000129647 0.0252237 
89 36.2481 7.72935 0.0203008 0.0365686 58.7447 15.5737 0.000122488 0.0263131 
90 36.2956 7.73471 0.0195766 0.0366203 58.8982 15.5739 0.000115869 0.0276068 
91 36.3424 7.74067 0.0189002 0.0368177 59.0497 15.5747 0.000109755 0.0290592 
92 36.3885 7.74701 0.0182699 0.0371238 59.1991 15.576 0.00010411 0.0306138 
93 36.4337 7.75348 0.0176834 0.0374978 59.3464 15.5775 9.88998e-05 0.0322083 
94 36.4782 7.75984 0.0171382 0.037894 59.4915 15.5791 9.40896e-05 0.0337727 
95 36.5218 7.76583 0.0166315 0.03827 59.6343 15.5806 8.96458e-05 0.035243 
96 36.5645 7.7712 0.0161603 0.0385805 59.7749 15.5817 8.55351e-05 0.0365499 
97 36.6063 7.77574 0.0157211 0.0387852 59.9131 15.5824 8.17249e-05 0.0376332 
98 36.6471 7.77925 0.0153107 0.0388545 60.049 15.5825 7.8184e-05 0.0384495 
99 36.6868 7.78161 0.0149254 0.0387567 60.1825 15.5818 7.48823e-05 0.0389523 
100 36.7255 7.7827 0.0145617 0.0384723 60.3137 15.5802 7.17918e-05 0.0391148 
101 36.7632 7.78249 0.0142163 0.03799 60.4426 15.5778 6.88864e-05 0.0389233 
102 36.7999 7.78099 0.0138857 0.0373073 60.5691 15.5744 6.61425e-05 0.0383784 
103 36.8355 7.77825 0.0135671 0.0364258 60.6934 15.5702 6.35387e-05 0.037487 
104 36.8702 7.77436 0.0132577 0.0353571 60.8155 15.5651 6.10566e-05 0.0362714 
105 36.904 7.76944 0.0129551 0.0341187 60.9356 15.5592 5.86801e-05 0.0347638 
106 36.9369 7.76365 0.0126572 0.032732 61.0536 15.5527 5.63958e-05 0.033002 
107 36.969 7.75715 0.0123626 0.0312221 61.1697 15.5456 5.4193e-05 0.0310292 
108 37.0003 7.75011 0.0120699 0.0296144 61.2841 15.538 5.20627e-05 0.028889 
109 37.0309 7.7427 0.0117782 0.0279363 61.3967 15.5301 4.99985e-05 0.0266273 
110 37.0609 7.73508 0.011487 0.0262148 61.5077 15.522 4.79953e-05 0.0242899 
111 37.0903 7.7274 0.0111959 0.0244729 61.6171 15.5138 4.60498e-05 0.0219144 
112 37.1192 7.71978 0.010905 0.0227344 61.7252 15.5055 4.41596e-05 0.0195405 
113 37.1476 7.71234 0.0106144 0.0210212 61.8318 15.4974 4.23236e-05 0.0172039 
114 37.1755 7.70517 0.0103245 0.0193462 61.9372 15.4894 4.0541e-05 0.0149256 
115 37.2029 7.69835 0.0100356 0.0177255 62.0413 15.4817 3.88117e-05 0.0127317 
116 37.2299 7.69192 0.00974838 0.0161715 62.1443 15.4742 3.71359e-05 0.010642 
117 37.2565 7.68592 0.00946335 0.0146922 62.2461 15.4671 3.55139e-05 0.0086692 
118 37.2826 7.68038 0.00918111 0.013289 62.3468 15.4602 3.39459e-05 0.0068146 
119 37.3082 7.67529 0.00890223 0.0119692 62.4464 15.4538 3.24323e-05 0.00509001 
120 37.3334 7.67067 0.00862727 0.0107321 62.545 15.4477 3.09731e-05 0.00349352 
121 37.3581 7.6665 0.00835675 0.00958253 62.6426 15.442 2.95682e-05 0.00203268 
122 37.3822 7.66276 0.00809112 0.00851215 62.7391 15.4367 2.82175e-05 0.000693038 
123 37.4059 7.65944 0.00783081 0.00752334 62.8346 15.4317 2.69204e-05 -0.00052174 
124 37.429 7.6565 0.00757615 0.00661062 62.9292 15.4271 2.56762e-05 -0.0016211 
125 37.4515 7.65393 0.00732745 0.00577063 63.0228 15.4228 2.44842e-05 -0.00261084 
126 37.4735 7.65169 0.00708495 0.00500051 63.1154 15.4188 2.33433e-05 -0.00349585 
127 37.4949 7.64976 0.00684882 0.0042968 63.207 15.4151 2.22522e-05 -0.00428198 
128 37.5156 7.64811 0.00661919 0.00365088 63.2977 15.4117 2.12098e-05 -0.00498364 
129 37.5357 7.64672 0.00639615 0.00306184 63.3874 15.4086 2.02146e-05 -0.00560224 
130 37.5553 7.64556 0.00617974 0.0025251 63.4762 15.4057 1.92651e-05 -0.00614533 
131 37.5741 7.6446 0.00596997 0.00203675 63.564 15.403 1.83597e-05 -0.00661927 
132 37.5924 7.64384 0.00576681 0.00159283 63.6509 15.4005 1.74969e-05 -0.0070305 
133 37.61 7.64324 0.0055702 0.00118781 63.7368 15.3982 1.66751e-05 -0.00738806 
134 37.627 7.64279 0.00538006 0.000819641 63.8218 15.3962 1.58925e-05 -0.00769509 
135 37.6433 7.64248 0.00519628 0.000487808 63.9059 15.3942 1.51476e-05 -0.00795216 
136 37.659 7.64228 0.00501876 0.000185557 63.989 15.3925 1.44387e-05 -0.00817034 
137 37.6741 7.64218 0.00484735 -8.91265e-05 64.0712 15.3908 1.37644e-05 -0.00835267 
138 37.6886 7.64218 0.00468192 -0.000337694 64.1525 15.3893 1.31229e-05 -0.00850128 
139 37.7025 7.64226 0.00452231 -0.000561364 64.2329 15.3879 1.25129e-05 -0.00861787 
140 37.7157 7.64241 0.00436836 -0.000763554 64.3124 15.3866 1.19328e-05 -0.00870787 
141 37.7284 7.64262 0.00421991 -0.000947405 64.3911 15.3855 1.13812e-05 -0.00877625 
142 37.7406 7.64289 0.0040768 -0.00111308 64.4688 15.3844 1.08568e-05 -0.00882294 
143 37.7521 7.6432 0.00393886 -0.00126241 64.5456 15.3834 1.03581e-05 -0.00885072 
144 37.7632 7.64356 0.00380592 -0.00139648 64.6216 15.3824 9.88399e-06 -0.00886107 
145 37.7737 7.64394 0.00367781 -0.00151698 64.6967 15.3816 9.43319e-06 -0.00885654 
146 37.7836 7.64436 0.00355438 -0.00162464 64.7709 15.3808 9.00453e-06 -0.00883805 
147 37.7931 7.64481 0.00343545 -0.00172142 64.8443 15.3801 8.59691e-06 -0.00880864 
148 37.8021 7.64527 0.00332088 -0.00180677 64.9168 15.3794 8.20925e-06 -0.00876705 
149 37.8106 7.64576 0.00321049 -0.00188411 64.9886 15.3788 7.84055e-06 -0.00871881 
150 37.8186 7.64626 0.00310414 -0.0019524 65.0594 15.3782 7.48984e-06 -0.00866189 
151 37.8262 7.64677 0.00300169 -0.00201223 65.1295 15.3777 7.1562e-06 -0.008597 
152 37.8333 7.6473 0.00290298 -0.00206541 65.1988 15.3772 6.83876e-06 -0.00852697 
153 37.84 7.64783 0.00280787 -0.0021113 65.2672 15.3767 6.53669e-06 -0.00845046 
154 37.8463 7.64836 0.00271623 -0.00215253 65.3349 15.3763 6.2492e-06 -0.00837172 
155 37.8522 7.6489 0.00262793 -0.00218787 65.4018 15.3759 5.97555e-06 -0.0082884 
156 37.8578 7.64945 0.00254284 -0.00221769 65.4679 15.3756 5.71503e-06 -0.00820091 
157 37.8629 7.64999 0.00246084 -0.00224399 65.5333 15.3752 5.46696e-06 -0.00811248 
158 37.8677 7.65054 0.00238181 -0.00226478 65.5979 15.3749 5.23071e-06 -0.00801945 
159 37.8721 7.65108 0.00230563 -0.0022834 65.6618 15.3746 5.00568e-06 -0.0079274 
160 37.8762 7.65162 0.00223219 -0.00229741 65.7249 15.3744 4.7913e-06 -0.00783192 
161 37.88 7.65216 0.00216139 -0.00230916 65.7873 15.3741 4.58702e-06 -0.00773686 
162 37.8834 7.6527 0.00209313 -0.00231752 65.8489 15.3739 4.39233e-06 -0.00764012 
163 37.8866 7.65324 0.00202731 -0.00232294 65.9099 15.3737 4.20675e-06 -0.00754229 
164 37.8894 7.65377 0.00196382 -0.00232506 65.9702 15.3735 4.02982e-06 -0.00744257 
165 37.892 7.65429 0.00190259 -0.00232681 66.0297 15.3734 3.8611e-06 -0.00734592 
166 37.8943 7.65481 0.00184353 -0.00232522 66.0886 15.3732 3.70017e-06 -0.007247 
167 37.8963 7.65533 0.00178655 -0.00232124 66.1468 15.3731 3.54666e-06 -0.00714732 
168 37.8981 7.65584 0.00173157 -0.00231554 66.2044 15.3729 3.40019e-06 -0.00704793 
169 37.8996 7.65635 0.00167852 -0.00230846 66.2613 15.3728 3.26041e-06 -0.00694926 
170 37.9009 7.65685 0.00162731 -0.00230083 66.3175 15.3727 3.12699e-06 -0.00685266 
171 37.9019 7.65734 0.00157789 -0.00229031 66.3731 15.3726 2.99961e-06 -0.0067539 
172 37.9028 7.65783 0.00153018 -0.00227847 66.4281 15.3725 2.87798e-06 -0.00665562 
173 37.9034 7.65831 0.00148412 -0.00226575 66.4824 15.3725 2.76182e-06 -0.00655847 
174 37.9038 7.65879 0.00143965 -0.00225231 66.5361 15.3724 2.65085e-06 -0.00646263 
175 37.904 7.65926 0.0013967 -0.00223753 66.5893 15.3723 2.54484e-06 -0.00636692 
176 37.9041 7.65973 0.00135522 -0.00222188 66.6418 15.3723 2.44353e-06 -0.00627206 
177 37.9039 7.66019 0.00131515 -0.00220461 66.6937 15.3722 2.34671e-06 -0.00617663 
178 37.9036 7.66064 0.00127645 -0.00218689 66.745 15.3722 2.25415e-06 -0.0060826 
179 37.9031 7.66109 0.00123905 -0.00216852 66.7958 15.3722 2.16565e-06 -0.00598955 
180 37.9024 7.66154 0.00120292 -0.00214886 66.846 15.3721 2.08102e-06 -0.00589626 
181 37.9016 7.66198 0.001168 -0.00212906 66.8956 15.3721 2.00007e-06 -0.00580467 
182 37.9006 7.66241 0.00113425 -0.00210814 66.9447 15.3721 1.92263e-06 -0.00571298 
183 37.8995 7.66283 0.00110162 -0.00208664 66.9932 15.3721 1.84854e-06 -0.00562207 
184 37.8982 7.66325 0.00107008 -0.00206594 67.0412 15.3721 1.77763e-06 -0.00553433 
185 37.8969 7.66366 0.00103959 -0.00204381 67.0886 15.3721 1.70976e-06 -0.00544572 
186 37.8953 7.66407 0.0010101 -0.00202158 67.1356 15.3721 1.64478e-06 -0.00535855 
187 37.8937 7.66446 0.000981578 -0.00199953 67.182 15.3721 1.58257e-06 -0.00527325 
188 37.8919 7.66485 0.00095399 -0.00197838 67.2279 15.3721 1.52298e-06 -0.00519104 
189 37.89 7.66523 0.000927301 -0.00195642 67.2733 15.3721 1.46589e-06 -0.00510882 
190 37.888 7.66561 0.000901475 -0.00193587 67.3181 15.3721 1.4112e-06 -0.00503048 
191 37.8859 7.66597 0.000876481 -0.00191515 67.3625 15.3721 1.35878e-06 -0.00495317 
192 37.8837 7.66632 0.000852288 -0.00189495 67.4064 15.3721 1.30854e-06 -0.00487805 
193 37.8814 7.66667 0.000828866 -0.00187484 67.4499 15.3722 1.26037e-06 -0.00480434 
194 37.879 7.667 0.000806186 -0.00185604 67.4928 15.3722 1.21417e-06 -0.00473411 
195 37.8765 7.66733 0.00078422 -0.00183805 67.5353 15.3722 1.16986e-06 -0.00466649 
196 37.8739 7.66764 0.000762941 -0.00182024 67.5773 15.3722 1.12735e-06 -0.00460027 
197 37.8713 7.66795 0.000742325 -0.00180355 67.6189 15.3722 1.08655e-06 -0.00453712 
198 37.8685 7.66825 0.000722345 -0.00178664 67.66 15.3722 1.0474e-06 -0.00447458 
199 37.8657 7.66854 0.000702979 -0.00177066 67.7007 15.3722 1.0098e-06 -0.00441468 
200 37.8628 7.66882 0.000684204 -0.00175534 67.7409 15.3722 9.737e-07 -0.00435689
