1 85.1001 150.142 9.10657 34.1359 167.83 303.06 18.3151 68.3017 
2 81.4502 129.803 8.14748 28.8863 157.676 264.249 13.162 52.9501 
3 74.9673 107.276 7.18096 23.9587 144.32 220.521 9.19775 39.9992 
4 67.4002 88.4975 6.34399 19.9518 130.612 181.492 6.33374 30.1882 
5 60.4865 74.5295 5.69222 16.9601 118.303 150.394 4.38176 23.2568 
6 55.1346 64.4816 5.16622 14.7168 108.091 126.909 3.09195 18.4617 
7 51.4132 57.2351 4.71171 12.9577 100.006 109.498 2.23894 15.0859 
8 48.9957 51.8516 4.30591 11.5233 93.765 96.5409 1.66436 12.6314 
9 47.4967 47.6692 3.94022 10.3213 89.0048 86.7337 1.26764 10.784 
10 46.5994 44.278 3.60982 9.29438 85.3886 79.1415 0.986325 9.3472 
11 46.0816 41.4366 3.31116 8.40477 82.6428 73.1264 0.781562 8.19754 
12 45.8028 39.0002 3.04122 7.62664 80.5584 68.2584 0.628938 7.25591 
13 45.6781 36.878 2.79721 6.94119 78.9795 64.2454 0.512786 6.47015 
14 45.6569 35.0095 2.57648 6.33395 77.7912 60.885 0.422792 5.80454 
15 45.708 33.3517 2.3766 5.79343 76.9078 58.0337 0.351979 5.23372 
16 45.812 31.8725 2.19533 5.31035 76.2653 55.5873 0.295508 4.73924 
17 45.9556 30.5466 2.03069 4.87705 75.8151 53.4681 0.249946 4.30725 
18 46.1297 29.3538 1.88089 4.48714 75.5196 51.6173 0.212807 3.92716 
19 46.3274 28.2772 1.74437 4.13525 75.3498 49.9893 0.18226 3.59068 
20 46.5435 27.3029 1.61975 3.81685 75.2827 48.5483 0.15693 3.29122 
21 46.7742 26.419 1.50579 3.52803 75.2998 47.2658 0.135775 3.02347 
22 47.016 25.6154 1.40143 3.26547 75.3866 46.1187 0.117989 2.78309 
23 47.2663 24.8834 1.3057 3.02628 75.531 45.0883 0.102949 2.5665 
24 47.5231 24.2154 1.21777 2.80796 75.7232 44.1591 0.0901598 2.37071 
25 47.7845 23.6047 1.13689 2.60832 75.9552 43.3181 0.0792318 2.19321 
26 48.0489 23.0458 1.06239 2.42547 76.2203 42.5545 0.0698512 2.03184 
27 48.315 22.5334 0.99368 2.25773 76.5129 41.8592 0.0617649 1.8848 
28 48.5819 22.0631 0.930233 2.10361 76.8282 41.2244 0.0547671 1.75051 
29 48.8485 21.631 0.871577 1.96181 77.1623 40.6433 0.0486891 1.62761 
30 49.1142 21.2334 0.817287 1.83117 77.5119 40.1102 0.0433921 1.51492 
31 49.3781 20.8672 0.766985 1.71066 77.8741 39.6201 0.0387612 1.41142 
32 49.6398 20.5296 0.720328 1.59936 78.2464 39.1687 0.0347004 1.31619 
33 49.8988 20.2181 0.67701 1.49644 78.6268 38.7521 0.0311295 1.22844 
34 50.1546 19.9305 0.636751 1.40118 79.0135 38.367 0.0279812 1.14747 
35 50.4069 19.6645 0.599301 1.3129 79.4049 38.0105 0.0251985 1.07266 
36 50.6555 19.4186 0.564433 1.23102 79.7997 37.6799 0.022733 1.00344 
37 50.9002 19.1908 0.53194 1.15499 80.1968 37.3729 0.0205437 0.939312 
38 51.1406 18.9798 0.501634 1.08433 80.5952 37.0875 0.0185956 0.879845 
39 51.3767 18.7842 0.473346 1.0186 80.994 36.8217 0.0168584 0.824635 
40 51.6083 18.6027 0.44692 0.957409 81.3924 36.574 0.0153064 0.773324 
41 51.8354 18.4342 0.422214 0.900392 81.7899 36.3429 0.0139171 0.725589 
42 52.0579 18.2777 0.3991 0.847222 82.1859 36.127 0.0126715 0.681141 
43 52.2757 18.1322 0.377458 0.797601 82.5799 35.9251 0.0115526 0.639714 
44 52.4889 17.9969 0.357182 0.751256 82.9714 35.7361 0.0105459 0.601071 
45 52.6973 17.871 0.338171 0.707941 83.3602 35.559 0.00963881 0.564994 
46 52.901 17.7539 0.320335 0.667428 83.7459 35.3929 0.0088202 0.531286 
47 53.1001 17.6447 0.30359 0.629509 84.1282 35.2371 0.00808036 0.499767 
48 53.2945 17.543 0.28786 0.593995 84.507 35.0907 0.00741077 0.470273 
49 53.4843 17.4481 0.273074 0.560711 84.8821 34.953 0.00680394 0.442654 
50 53.6695 17.3597 0.259167 0.529498 85.2532 34.8235 0.00625328 0.416772 
51 53.8502 17.2771 0.246079 0.500208 85.6203 34.7016 0.00575295 0.392502 
52 54.0264 17.2 0.233754 0.472704 85.9833 34.5867 0.0052978 0.369727 
53 54.1982 17.128 0.222142 0.446864 86.342 34.4783 0.00488325 0.34834 
54 54.3657 17.0608 0.211196 0.42257 86.6963 34.3761 0.00450526 0.328243 
55 54.5289 16.9979 0.200871 0.399717 87.0463 34.2796 0.00416021 0.309345 
56 54.6878 16.9391 0.191127 0.378206 87.3919 34.1883 0.0038449 0.291563 
57 54.8427 16.884 0.181927 0.357946 87.7331 34.1021 0.00355646 0.274819 
58 54.9934 16.8325 0.173235 0.338853 88.0698 34.0205 0.00329233 0.259042 
59 55.1402 16.7842 0.16502 0.320849 88.402 33.9433 0.00305023 0.244165 
60 55.2831 16.739 0.157252 0.303861 88.7297 33.8701 0.00282809 0.230127 
61 55.4221 16.6966 0.149903 0.287824 89.053 33.8007 0.0026241 0.216873 
62 55.5574 16.6568 0.142946 0.272674 89.3718 33.7349 0.00243658 0.204349 
63 55.6889 16.6194 0.136358 0.258355 89.6862 33.6725 0.00226405 0.192509 
64 55.8169 16.5843 0.130116 0.244814 89.9961 33.6131 0.00210518 0.181307 
65 55.9413 16.5512 0.124199 0.232003 90.3017 33.5568 0.00195876 0.170705 
66 56.0622 16.5202 0.118587 0.219875 90.603 33.5031 0.0018237 0.160664 
67 56.1798 16.4909 0.113263 0.208389 90.8999 33.4521 0.00169902 0.15115 
68 56.294 16.4633 0.108209 0.197508 91.1926 33.4036 0.00158382 0.142134 
69 56.4051 16.4374 0.103409 0.187196 91.481 33.3574 0.00147731 0.133588 
70 56.513 16.4129 0.0988492 0.177421 91.7653 33.3133 0.00137875 0.125488 
71 56.6179 16.3898 0.0945147 0.168155 92.0454 33.2714 0.00128747 0.117811 
72 56.7198 16.368 0.0903929 0.159375 92.3216 33.2314 0.00120289 0.110546 
73 56.819 16.3475 0.0864718 0.151057 92.5937 33.1934 0.00112445 0.103676 
74 56.9154 16.3283 0.0827401 0.143178 92.8619 33.1572 0.00105166 0.0971828 
75 57.0092 16.3103 0.0791875 0.135728 93.1263 33.1228 0.000984061 0.0910716 
76 57.1006 16.2935 0.0758044 0.128693 93.387 33.0902 0.000921254 0.0853371 
77 57.1897 16.2779 0.0725819 0.12207 93.644 33.0593 0.000862862 0.079988 
78 57.2765 16.2636 0.0695117 0.115847 93.8974 33.0302 0.000808549 0.0750244 
79 57.3614 16.2507 0.0665864 0.110024 94.1474 33.0028 0.000758005 0.070458 
80 57.4443 16.2391 0.0637992 0.104608 94.3941 32.9772 0.000710952 0.0663149 
81 57.5255 16.229 0.0611437 0.0995984 94.6374 32.9534 0.000667134 0.0626064 
82 57.6051 16.2205 0.0586146 0.0950052 94.8777 32.9315 0.000626322 0.0593583 
83 57.6833 16.2136 0.0562066 0.0908339 95.1149 32.9115 0.000588303 0.056591 
84 57.7601 16.2085 0.0539153 0.0870928 95.3492 32.8934 0.000552887 0.0543272 
85 57.8356 16.2052 0.0517366 0.0837851 95.5807 32.8773 0.000519899 0.0525805 
86 57.9101 16.2038 0.0496669 0.0809145 95.8094 32.8632 0.000489178 0.051365 
87 57.9835 16.2042 0.0477029 0.0784829 96.0355 32.8511 0.000460579 0.0506909 
88 58.0559 16.2066 0.0458414 0.0764832 96.2591 32.841 0.000433965 0.0505533 
89 58.1274 16.2109 0.0440797 0.0749006 96.48 32.8328 0.000409212 0.0509339 
90 58.1979 16.2169 0.042415 0.0737202 96.6985 32.8264 0.000386202 0.0518142 
91 58.2676 16.2246 0.0408445 0.0729122 96.9145 32.8218 0.000364827 0.0531508 
92 58.3362 16.2337 0.0393654 0.0724418 97.128 32.8187 0.000344982 0.0548924 
93 58.4039 16.244 0.0379747 0.0722617 97.3389 32.817 0.000326569 0.0569664 
94 58.4705 16.2552 0.0366692 0.0723297 97.5472 32.8164 0.000309491 0.0593092 
95 58.536 16.267 0.0354453 0.0725834 97.7528 32.8167 0.000293659 0.0618237 
96 58.6003 16.279 0.0342993 0.0729617 97.9557 32.8175 0.000278981 0.0644157 
97 58.6633 16.2908 0.0332269 0.073403 98.1558 32.8186 0.000265373 0.0669897 
98 58.725 16.3022 0.0322238 0.0738406 98.3529 32.8197 0.000252749 0.0694427 
99 58.7853 16.3126 0.031285 0.0742104 98.5471 32.8204 0.000241029 0.0716756 
100 58.8441 16.3218 0.0304055 0.0744528 98.7381 32.8205 0.000230134 0.0735977 
101 58.9014 16.3295 0.0295801 0.0745148 98.926 32.8198 0.000219986 0.0751288 
102 58.957 16.3354 0.0288035 0.0743489 99.1107 32.818 0.000210515 0.076198 
103 59.0111 16.3393 0.0280701 0.0739162 99.2921 32.8149 0.000201652 0.0767487 
104 59.0634 16.3411 0.0273747 0.0731904 99.4703 32.8104 0.000193332 0.0767451 
105 59.1142 16.3408 0.0267121 0.0721559 99.6453 32.8044 0.000185495 0.0761686 
106 59.1632 16.3384 0.0260773 0.0708035 99.8171 32.797 0.000178089 0.0750117 
107 59.2107 16.3339 0.0254658 0.0691393 99.9859 32.788 0.000171062 0.0732907 
108 59.2566 16.3275 0.0248734 0.067176 100.152 32.7777 0.000164371 0.0710336 
109 59.301 16.3193 0.0242963 0.0649356 100.314 32.766 0.000157978 0.0682824 
110 59.344 16.3095 0.0237313 0.0624475 100.474 32.7531 0.00015185 0.0650911 
111 59.3857 16.2985 0.0231755 0.0597433 100.632 32.7393 0.000145958 0.0615167 
112 59.426 16.2864 0.0226269 0.0568617 100.786 32.7245 0.000140279 0.0576274 
113 59.4653 16.2735 0.0220835 0.0538423 100.939 32.7092 0.000134793 0.0534923 
114 59.5034 16.2601 0.0215442 0.0507254 101.089 32.6933 0.000129486 0.0491807 
115 59.5406 16.2464 0.021008 0.0475494 101.237 32.6772 0.000124345 0.0447588 
116 59.577 16.2326 0.0204746 0.0443485 101.383 32.6609 0.000119362 0.0402846 
117 59.6125 16.219 0.0199437 0.0411632 101.527 32.6447 0.000114529 0.0358266 
118 59.6473 16.2057 0.0194155 0.0380173 101.669 32.6286 0.000109843 0.031425 
119 59.6815 16.1928 0.0188904 0.0349438 101.81 32.6129 0.0001053 0.0271346 
120 59.7151 16.1805 0.018369 0.0319584 101.949 32.5976 0.000100898 0.0229818 
121 59.7481 16.1689 0.0178518 0.0290873 102.087 32.5829 9.66364e-05 0.0190095 
122 59.7807 16.1581 0.0173397 0.0263385 102.223 32.5687 9.25132e-05 0.0152304 
123 59.8127 16.148 0.0168334 0.0237256 102.358 32.5551 8.85284e-05 0.0116669 
124 59.8442 16.1388 0.0163337 0.0212538 102.491 32.5422 8.46813e-05 0.00832671 
125 59.8752 16.1303 0.0158414 0.0189296 102.623 32.53 8.09712e-05 0.00521996 
126 59.9057 16.1227 0.0153572 0.0167517 102.754 32.5185 7.73972e-05 0.0023437 
127 59.9357 16.1158 0.0148818 0.014722 102.884 32.5076 7.39581e-05 -0.000299645 
128 59.9652 16.1097 0.0144159 0.0128344 103.012 32.4975 7.06522e-05 -0.00272098 
129 59.9941 16.1043 0.0139598 0.0110877 103.139 32.488 6.74778e-05 -0.00492285 
130 60.0224 16.0996 0.0135142 0.00947443 103.265 32.4792 6.44324e-05 -0.00691815 
131 60.0502 16.0955 0.0130793 0.00798847 103.39 32.471 6.15136e-05 -0.00871761 
132 60.0773 16.0921 0.0126554 0.00662528 103.514 32.4634 5.87185e-05 -0.010329 
133 60.1037 16.0891 0.0122428 0.00537481 103.636 32.4563 5.60438e-05 -0.0117696 
134 60.1295 16.0866 0.0118416 0.00423318 103.757 32.4497 5.34863e-05 -0.0130457 
135 60.1546 16.0846 0.0114519 0.00319161 103.877 32.4437 5.10424e-05 -0.0141722 
136 60.179 16.083 0.0110738 0.00224189 103.996 32.4381 4.87085e-05 -0.0151629 
137 60.2027 16.0818 0.010707 0.00137955 104.114 32.4329 4.64807e-05 -0.016025 
138 60.2256 16.0809 0.0103517 0.000596131 104.23 32.4281 4.43552e-05 -0.0167727 
139 60.2478 16.0803 0.0100077 -0.000113548 104.345 32.4237 4.23281e-05 -0.0174143 
140 60.2692 16.08 0.00967473 -0.000756544 104.46 32.4196 4.03956e-05 -0.0179615 
141 60.29 16.0799 0.00935274 -0.00133723 104.572 32.4159 3.85538e-05 -0.0184212 
142 60.3099 16.08 0.00904146 -0.0018596 104.684 32.4124 3.67989e-05 -0.0187997 
143 60.3291 16.0802 0.00874068 -0.00233198 104.795 32.4092 3.51271e-05 -0.0191108 
144 60.3476 16.0807 0.00845015 -0.00275803 104.904 32.4063 3.35349e-05 -0.0193601 
145 60.3654 16.0813 0.00816961 -0.00313923 105.013 32.4035 3.20185e-05 -0.0195497 
146 60.3824 16.082 0.00789878 -0.00348164 105.12 32.401 3.05745e-05 -0.0196894 
147 60.3987 16.0828 0.00763739 -0.00378842 105.226 32.3987 2.91997e-05 -0.0197841 
148 60.4143 16.0837 0.00738518 -0.00406301 105.331 32.3966 2.78906e-05 -0.019839 
149 60.4292 16.0847 0.00714184 -0.00430672 105.434 32.3946 2.66442e-05 -0.0198559 
150 60.4434 16.0858 0.0069071 -0.00452386 105.537 32.3928 2.54576e-05 -0.0198416 
151 60.4569 16.0869 0.00668069 -0.00471651 105.638 32.3911 2.43277e-05 -0.0197993 
152 60.4698 16.088 0.00646232 -0.00488586 105.739 32.3895 2.32518e-05 -0.0197303 
153 60.482 16.0892 0.00625172 -0.00503514 105.838 32.3881 2.22273e-05 -0.0196398 
154 60.4937 16.0905 0.00604863 -0.00516731 105.936 32.3867 2.12517e-05 -0.0195325 
155 60.5047 16.0917 0.00585278 -0.00528099 106.033 32.3855 2.03225e-05 -0.0194052 
156 60.5151 16.093 0.0056639 -0.00537916 106.129 32.3843 1.94375e-05 -0.0192629 
157 60.5249 16.0943 0.00548177 -0.00546207 106.224 32.3833 1.85944e-05 -0.0191054 
158 60.5342 16.0956 0.00530612 -0.00553462 106.318 32.3823 1.77912e-05 -0.0189409 
159 60.5429 16.0969 0.00513673 -0.00559371 106.411 32.3814 1.70258e-05 -0.0187634 
160 60.5511 16.0983 0.00497335 -0.00564262 106.503 32.3806 1.62964e-05 -0.0185784 
161 60.5588 16.0996 0.00481578 -0.00568305 106.594 32.3798 1.56012e-05 -0.0183882 
162 60.5659 16.1009 0.00466379 -0.00571267 106.684 32.3791 1.49386e-05 -0.0181886 
163 60.5726 16.1022 0.00451717 -0.00573521 106.773 32.3784 1.43067e-05 -0.0179855 
164 60.5788 16.1035 0.00437573 -0.00575098 106.861 32.3778 1.37042e-05 -0.0177793 
165 60.5846 16.1049 0.00423927 -0.00575936 106.947 32.3772 1.31296e-05 -0.0175684 
166 60.5899 16.1062 0.0041076 -0.00576345 107.033 32.3767 1.25815e-05 -0.017358 
167 60.5947 16.1074 0.00398054 -0.00576035 107.118 32.3762 1.20586e-05 -0.0171427 
168 60.5992 16.1087 0.00385792 -0.0057523 107.202 32.3758 1.15596e-05 -0.016926 
169 60.6033 16.11 0.00373957 -0.00573915 107.285 32.3754 1.10834e-05 -0.0167075 
170 60.6069 16.1112 0.00362533 -0.00572344 107.368 32.375 1.06288e-05 -0.0164912 
171 60.6102 16.1125 0.00351505 -0.00570206 107.449 32.3747 1.01947e-05 -0.0162716 
172 60.6131 16.1137 0.00340856 -0.00567769 107.529 32.3744 9.7803e-06 -0.0160529 
173 60.6157 16.1149 0.00330575 -0.00565069 107.609 32.3741 9.38446e-06 -0.0158357 
174 60.618 16.1161 0.00320646 -0.00562019 107.687 32.3738 9.00634e-06 -0.0156181 
175 60.6199 16.1173 0.00311056 -0.00558568 107.765 32.3736 8.64507e-06 -0.015399 
176 60.6215 16.1185 0.00301793 -0.00554918 107.842 32.3734 8.29984e-06 -0.0151817 
177 60.6227 16.1196 0.00292845 -0.00551052 107.918 32.3732 7.96986e-06 -0.0149658 
178 60.6237 16.1208 0.00284199 -0.00546861 107.993 32.373 7.65443e-06 -0.0147491 
179 60.6244 16.1219 0.00275845 -0.00542711 108.067 32.3728 7.35283e-06 -0.0145379 
180 60.6249 16.123 0.00267772 -0.0053817 108.141 32.3727 7.06441e-06 -0.0143243 
181 60.6251 16.1241 0.00259969 -0.00533523 108.214 32.3726 6.78854e-06 -0.0141133 
182 60.625 16.1251 0.00252426 -0.00528589 108.285 32.3725 6.52464e-06 -0.0139015 
183 60.6246 16.1262 0.00245135 -0.00523635 108.357 32.3724 6.27213e-06 -0.0136933 
184 60.6241 16.1273 0.00238085 -0.0051854 108.427 32.3723 6.03048e-06 -0.0134866 
185 60.6233 16.1283 0.00231268 -0.00513493 108.497 32.3722 5.79919e-06 -0.0132846 
186 60.6223 16.1293 0.00224676 -0.00508043 108.565 32.3722 5.57776e-06 -0.013079 
187 60.621 16.1303 0.002183 -0.00502667 108.634 32.3721 5.36576e-06 -0.0128782 
188 60.6196 16.1313 0.00212133 -0.00497265 108.701 32.3721 5.16273e-06 -0.0126804 
189 60.618 16.1323 0.00206166 -0.00491823 108.767 32.3721 4.96825e-06 -0.0124851 
190 60.6161 16.1332 0.00200394 -0.0048625 108.833 32.3721 4.78195e-06 -0.0122906 
191 60.6141 16.1342 0.00194807 -0.00480734 108.899 32.372 4.60344e-06 -0.0121001 
192 60.6119 16.1351 0.00189401 -0.00475174 108.963 32.372 4.43237e-06 -0.0119117 
193 60.6096 16.136 0.00184169 -0.00469683 109.027 32.3721 4.2684e-06 -0.0117274 
194 60.6071 16.1369 0.00179104 -0.0046418 109.09 32.3721 4.11119e-06 -0.0115456 
195 60.6044 16.1377 0.00174199 -0.00458792 109.152 32.3721 3.96045e-06 -0.0113684 
196 60.6016 16.1386 0.00169451 -0.00453319 109.214 32.3721 3.81589e-06 -0.0111922 
197 60.5986 16.1394 0.00164852 -0.00447884 109.275 32.3721 3.67721e-06 -0.0110191 
198 60.5955 16.1402 0.00160397 -0.00442716 109.336 32.3721 3.54416e-06 -0.0108531 
199 60.5922 16.141 0.00156081 -0.00437577 109.396 32.3721 3.41648e-06 -0.0106899 
200 60.5888 16.1418 0.00151899 -0.00432468 109.455 32.3722 3.29394e-06 -0.0105294 
201 60.5853 16.1426 0.00147847 -0.00427537 109.513 32.3722 3.17628e-06 -0.0103741 
202 60.5817 16.1433 0.00143919 -0.0042271 109.571 32.3722 3.06331e-06 -0.0102227 
203 60.5779 16.144 0.00140111 -0.00417887 109.629 32.3722 2.95482e-06 -0.0100734 
204 60.5741 16.1447 0.00136419 -0.00413302 109.685 32.3722 2.85059e-06 -0.00993015 
205 60.5701 16.1454 0.00132838 -0.00408768 109.741 32.3722 2.75045e-06 -0.00978964 
206 60.566 16.1461 0.00129364 -0.00404436 109.797 32.3722 2.65421e-06 -0.0096545 
207 60.5618 16.1467 0.00125995 -0.00400188 109.852 32.3722 2.56171e-06 -0.00952255 
208 60.5576 16.1473 0.00122725 -0.0039603 109.906 32.3722 2.47278e-06 -0.00939383 
209 60.5532 16.148 0.00119552 -0.00392002 109.96 32.3722 2.38726e-06 -0.00926901 
210 60.5488 16.1486 0.00116473 -0.00388159 110.013 32.3722 2.30502e-06 -0.00914903 
211 60.5442 16.1491 0.00113483 -0.00384299 110.066 32.3722 2.2259e-06 -0.00903019 
212 60.5396 16.1497 0.0011058 -0.0038066 110.118 32.3722 2.14978e-06 -0.00891677 
213 60.5349 16.1503 0.00107762 -0.00377037 110.17 32.3722 2.07654e-06 -0.00880497 
214 60.5302 16.1508 0.00105024 -0.00373575 110.221 32.3723 2.00604e-06 -0.00869739 
215 60.5253 16.1514 0.00102365 -0.00370036 110.272 32.3723 1.93818e-06 -0.00858968 
216 60.5204 16.1519 0.000997826 -0.00366634 110.322 32.3723 1.87285e-06 -0.00848567 
217 60.5155 16.1524 0.000972733 -0.0036332 110.371 32.3723 1.80995e-06 -0.00838445 
218 60.5105 16.1529 0.000948353 -0.00360052 110.42 32.3723 1.74937e-06 -0.00828519 
219 60.5054 16.1535 0.000924662 -0.00356646 110.469 32.3723 1.69102e-06 -0.00818453 
220 60.5003 16.154 0.00090164 -0.00353381 110.517 32.3723 1.63482e-06 -0.0080875 
221 60.4951 16.1545 0.000879265 -0.0035015 110.564 32.3723 1.58067e-06 -0.00799211 
222 60.4899 16.155 0.000857519 -0.00346885 110.612 32.3724 1.52851e-06 -0.00789712 
223 60.4846 16.1554 0.000836381 -0.00343549 110.658 32.3724 1.47824e-06 -0.00780182 
224 60.4793 16.1559 0.000815834 -0.0034021 110.704 32.3724 1.42979e-06 -0.00770738 
225 60.4739 16.1564 0.00079586 -0.00337022 110.75 32.3725 1.3831e-06 -0.00761663 
226 60.4686 16.1569 0.000776441 -0.00333592 110.795 32.3725 1.3381e-06 -0.00752233 
227 60.4631 16.1573 0.000757562 -0.00330053 110.84 32.3726 1.29471e-06 -0.00742688 
228 60.4577 16.1578 0.000739206 -0.00326764 110.885 32.3726 1.25288e-06 -0.00733684 
229 60.4522 16.1583 0.000721357 -0.00323294 110.929 32.3727 1.21255e-06 -0.00724429 
230 60.4466 16.1587 0.000704002 -0.00319758 110.972 32.3727 1.17366e-06 -0.0071513 
231 60.4411 16.1592 0.000687125 -0.00316127 111.015 32.3728 1.13616e-06 -0.00705733 
232 60.4355 16.1596 0.000670711 -0.00312477 111.058 32.3729 1.09998e-06 -0.00696374 
233 60.4299 16.1601 0.000654749 -0.00308784 111.1 32.3729 1.06509e-06 -0.00687005 
234 60.4242 16.1605 0.000639222 -0.00305073 111.142 32.373 1.03143e-06 -0.00677673 
235 60.4186 16.1609 0.000624121 -0.00301227 111.183 32.3731 9.98954e-07 -0.00668158 
236 60.4129 16.1614 0.00060943 -0.00297445 111.224 32.3731 9.67616e-07 -0.00658825 
237 60.4072 16.1618 0.000595139 -0.00293647 111.265 32.3732 9.37376e-07 -0.00649526 
238 60.4014 16.1622 0.000581235 -0.00289696 111.305 32.3733 9.08192e-07 -0.00640005 
239 60.3957 16.1626 0.000567707 -0.00285779 111.345 32.3734 8.80021e-07 -0.00630604 
240 60.3899 16.163 0.000554545 -0.00281897 111.385 32.3734 8.5283e-07 -0.00621326 
241 60.3842 16.1634 0.000541735 -0.00278235 111.424 32.3735 8.26575e-07 -0.00612507 
242 60.3784 16.1638 0.00052927 -0.00274291 111.463 32.3736 8.01226e-07 -0.00603221 
243 60.3726 16.1642 0.000517137 -0.00270563 111.501 32.3737 7.76747e-07 -0.00594386 
244 60.3668 16.1646 0.000505328 -0.00266835 111.539 32.3737 7.53106e-07 -0.00585598 
245 60.361 16.1649 0.000493832 -0.00263366 111.577 32.3738 7.3027e-07 -0.00577339 
246 60.3551 16.1653 0.000482641 -0.00259738 111.614 32.3739 7.0821e-07 -0.00568831 
247 60.3493 16.1657 0.000471744 -0.00256227 111.651 32.374 6.86897e-07 -0.00560584 
248 60.3435 16.166 0.000461135 -0.00252678 111.687 32.3741 6.66304e-07 -0.0055231 
249 60.3376 16.1664 0.000450803 -0.00249372 111.724 32.3741 6.46403e-07 -0.00544529 
250 60.3318 16.1667 0.000440741 -0.00246027 111.76 32.3742 6.27169e-07 -0.00536717 
251 60.3259 16.167 0.000430942 -0.0024273 111.795 32.3743 6.08577e-07 -0.00529032 
252 60.3201 16.1674 0.000421396 -0.00239475 111.83 32.3744 5.90603e-07 -0.00521466 
253 60.3142 16.1677 0.000412097 -0.00236355 111.865 32.3745 5.73226e-07 -0.00514186 
254 60.3084 16.168 0.000403037 -0.00233273 111.9 32.3745 5.56422e-07 -0.00507012 
255 60.3025 16.1683 0.00039421 -0.00230212 111.934 32.3746 5.4017e-07 -0.00499914 
256 60.2967 16.1687 0.000385608 -0.00227144 111.968 32.3747 5.24452e-07 -0.00492835 
257 60.2908 16.169 0.000377225 -0.00224297 112.002 32.3747 5.09247e-07 -0.004862 
258 60.285 16.1693 0.000369055 -0.00221289 112.035 32.3748 4.94537e-07 -0.00479298 
259 60.2792 16.1695 0.000361091 -0.00218371 112.068 32.3749 4.80304e-07 -0.00472595 
260 60.2733 16.1698 0.000353328 -0.00215512 112.101 32.375 4.66531e-07 -0.00466032 
261 60.2675 16.1701 0.00034576 -0.00212705 112.134 32.375 4.53202e-07 -0.00459594 
262 60.2617 16.1704 0.000338382 -0.00209915 112.166 32.3751 4.40301e-07 -0.0045322 
263 60.2559 16.1707 0.000331187 -0.002073 112.198 32.3752 4.27811e-07 -0.00447196 
264 60.25 16.1709 0.00032417 -0.00204585 112.229 32.3752 4.15719e-07 -0.00441015 
265 60.2443 16.1712 0.000317327 -0.00202064 112.26 32.3753 4.04012e-07 -0.00435219 
266 60.2385 16.1715 0.000310653 -0.00199452 112.292 32.3754 3.92674e-07 -0.0042928 
267 60.2327 16.1717 0.000304142 -0.00196865 112.322 32.3754 3.81693e-07 -0.0042341 
268 60.2269 16.172 0.00029779 -0.00194349 112.353 32.3755 3.71057e-07 -0.00417697 
269 60.2212 16.1722 0.000291594 -0.00191756 112.383 32.3755 3.60754e-07 -0.00411863 
270 60.2154 16.1725 0.000285547 -0.00189207 112.413 32.3756 3.50772e-07 -0.00406135 
271 60.2097 16.1727 0.000279647 -0.00186695 112.443 32.3757 3.411e-07 -0.00400498 
272 60.204 16.1729 0.00027389 -0.00184208 112.472 32.3757 3.31727e-07 -0.00394929 
273 60.1983 16.1732 0.000268271 -0.00181805 112.501 32.3758 3.22645e-07 -0.0038954 
274 60.1926 16.1734 0.000262786 -0.00179469 112.53 32.3758 3.13841e-07 -0.00384296 
275 60.1869 16.1736 0.000257432 -0.00177169 112.559 32.3759 3.05306e-07 -0.00379137 
276 60.1812 16.1738 0.000252205 -0.00175071 112.587 32.376 2.97032e-07 -0.00374375 
277 60.1756 16.174 0.000247102 -0.00172891 112.615 32.376 2.8901e-07 -0.00369477 
278 60.1699 16.1743 0.000242118 -0.00170817 112.643 32.3761 2.8123e-07 -0.00364795 
279 60.1643 16.1745 0.000237252 -0.00168638 112.671 32.3761 2.73685e-07 -0.00359934 
280 60.1587 16.1747 0.0002325 -0.00166477 112.698 32.3762 2.66367e-07 -0.00355123 
281 60.1531 16.1749 0.000227858 -0.00164431 112.725 32.3762 2.59268e-07 -0.00350545 
282 60.1475 16.1751 0.000223325 -0.00162323 112.752 32.3763 2.52382e-07 -0.00345869 
283 60.142 16.1753 0.000218897 -0.00160399 112.779 32.3763 2.45702e-07 -0.00341554 
284 60.1364 16.1755 0.000214571 -0.00158493 112.805 32.3764 2.39219e-07 -0.00337288 
285 60.1309 16.1757 0.000210345 -0.00156804 112.832 32.3764 2.32929e-07 -0.00333445 
286 60.1254 16.1758 0.000206216 -0.00155047 112.858 32.3765 2.26824e-07 -0.00329488 
287 60.1199 16.176 0.000202181 -0.00153484 112.884 32.3765 2.20898e-07 -0.00325907 
288 60.1145 16.1762 0.000198237 -0.00151809 112.909 32.3766 2.15145e-07 -0.00322129 
289 60.109 16.1764 0.000194382 -0.0015027 112.935 32.3766 2.0956e-07 -0.00318618 
290 60.1036 16.1765 0.000190615 -0.0014852 112.96 32.3766 2.04137e-07 -0.00314724 
291 60.0982 16.1767 0.000186932 -0.00146737 112.985 32.3767 1.98871e-07 -0.0031078 
292 60.0928 16.1769 0.000183332 -0.00144825 113.009 32.3767 1.93758e-07 -0.00306606 
293 60.0874 16.1771 0.000179813 -0.0014297 113.034 32.3768 1.88792e-07 -0.00302554 
294 60.082 16.1772 0.000176373 -0.00141115 113.058 32.3768 1.8397e-07 -0.00298514 
295 60.0767 16.1774 0.00017301 -0.00139322 113.082 32.3769 1.79285e-07 -0.00294605 
296 60.0714 16.1775 0.000169721 -0.00137754 113.106 32.3769 1.74735e-07 -0.0029113 
297 60.0661 16.1777 0.000166506 -0.00136314 113.13 32.3769 1.70314e-07 -0.00287908 
298 60.0608 16.1778 0.00016336 -0.00135031 113.154 32.377 1.66017e-07 -0.0028499 
299 60.0556 16.178 0.000160284 -0.00133774 113.177 32.377 1.61843e-07 -0.00282131 
300 60.0503 16.1781 0.000157274 -0.00132507 113.2 32.3771 1.57785e-07 -0.0027926 
