1 45.2953 74.8206 4.49208 15.9546 88.6758 151.363 8.39656 30.9735 
2 40.3551 58.3789 4.00098 12.722 78.1742 117.674 5.03519 20.8408 
3 34.6334 45.3349 3.50293 10.22 67.2674 89.2136 3.03719 14.3177 
4 30.2826 37.3057 3.11947 8.52204 58.493 69.593 1.88331 10.3687 
5 27.7361 32.2167 2.819 7.3514 52.2044 56.7801 1.23291 7.99733 
6 26.4472 28.7579 2.55277 6.44787 47.9051 48.301 0.851737 6.46495 
7 25.8449 26.1886 2.31424 5.71261 45.007 42.449 0.614833 5.39842 
8 25.6023 24.1318 2.10169 5.09809 43.0568 38.2104 0.459647 4.61154 
9 25.5463 22.4157 1.91244 4.57471 41.748 35.0078 0.353197 4.00352 
10 25.5931 20.9496 1.74393 4.12345 40.8814 32.5033 0.277362 3.51736 
11 25.7026 19.6784 1.5937 3.73084 40.327 30.4905 0.221669 3.11866 
12 25.8535 18.5651 1.45946 3.38672 39.9981 28.8375 0.179742 2.78523 
13 26.0331 17.583 1.33919 3.08326 39.8356 27.4559 0.147526 2.50211 
14 26.2335 16.7116 1.23114 2.81424 39.798 26.2843 0.122344 2.25875 
15 26.4492 15.9346 1.13382 2.57468 39.8553 25.279 0.102371 2.04749 
16 26.6759 15.239 1.04592 2.36048 39.9856 24.4075 0.0863309 1.86256 
17 26.9106 14.6141 0.966336 2.16828 40.1726 23.6456 0.0733074 1.69956 
18 27.1509 14.051 0.894123 1.99527 40.4036 22.9746 0.0626321 1.55504 
19 27.3948 13.5423 0.828454 1.83909 40.6691 22.3798 0.0538072 1.42623 
20 27.6407 13.0815 0.768616 1.69772 40.9616 21.8496 0.0464568 1.31092 
21 27.8873 12.6633 0.713988 1.56946 41.275 21.3747 0.0402929 1.20729 
22 28.1336 12.2829 0.664026 1.45283 41.6047 20.9474 0.0350922 1.11382 
23 28.3786 11.9363 0.618257 1.34656 41.9467 20.5615 0.0306797 1.02925 
24 28.6218 11.62 0.576261 1.24954 42.2981 20.2117 0.0269168 0.952526 
25 28.8624 11.3309 0.53767 1.16082 42.6563 19.8936 0.0236929 0.882728 
26 29.1 11.0662 0.502157 1.07954 43.0192 19.6036 0.0209188 0.819087 
27 29.3342 10.8237 0.469433 1.00496 43.3852 19.3384 0.0185222 0.760932 
28 29.5647 10.601 0.43924 0.93644 43.7527 19.0954 0.0164441 0.707686 
29 29.7911 10.3965 0.411348 0.873388 44.1207 18.8722 0.0146358 0.658843 
30 30.0134 10.2083 0.385552 0.815294 44.4882 18.6668 0.0130572 0.613963 
31 30.2312 10.035 0.361666 0.7617 44.8544 18.4773 0.011675 0.572658 
32 30.4446 9.87531 0.339526 0.712198 45.2186 18.3023 0.0104613 0.534585 
33 30.6534 9.72795 0.318983 0.666424 45.5802 18.1404 0.00939263 0.499442 
34 30.8576 9.59187 0.299902 0.62405 45.9389 17.9903 0.00844926 0.46696 
35 31.0571 9.4661 0.282163 0.584782 46.2941 17.851 0.00761451 0.4369 
36 31.2519 9.34976 0.265655 0.548355 46.6457 17.7216 0.00687418 0.409048 
37 31.442 9.24205 0.25028 0.514532 46.9934 17.6012 0.00621614 0.383211 
38 31.6275 9.14226 0.235947 0.483097 47.3369 17.4889 0.00563004 0.35922 
39 31.8083 9.04974 0.222575 0.453854 47.676 17.3843 0.00510698 0.336917 
40 31.9845 8.9639 0.210089 0.426628 48.0108 17.2865 0.0046393 0.316165 
41 32.1562 8.88421 0.19842 0.401257 48.341 17.1952 0.00422037 0.296838 
42 32.3235 8.81017 0.187508 0.377597 48.6665 17.1097 0.00384446 0.278821 
43 32.4863 8.74134 0.177295 0.355515 48.9874 17.0296 0.00350659 0.262012 
44 32.6448 8.67732 0.16773 0.33489 49.3036 16.9546 0.00320243 0.246316 
45 32.799 8.61774 0.158766 0.315612 49.6151 16.8841 0.00292818 0.231649 
46 32.9491 8.56226 0.150358 0.297581 49.9218 16.818 0.00268055 0.217933 
47 33.0951 8.51056 0.142468 0.280703 50.2238 16.7558 0.00245663 0.205096 
48 33.237 8.46237 0.135058 0.264894 50.5211 16.6974 0.00225387 0.193073 
49 33.3751 8.41743 0.128095 0.250078 50.8138 16.6424 0.00207003 0.181806 
50 33.5093 8.37548 0.121547 0.236182 51.1018 16.5905 0.00190312 0.171239 
51 33.6398 8.33632 0.115387 0.223141 51.3852 16.5417 0.0017514 0.161322 
52 33.7666 8.29974 0.109588 0.210895 51.664 16.4956 0.00161333 0.152008 
53 33.8898 8.26556 0.104126 0.199389 51.9384 16.4521 0.00148752 0.143256 
54 34.0096 8.23359 0.098978 0.188569 52.2083 16.411 0.00137276 0.135025 
55 34.1259 8.20369 0.0941234 0.17839 52.4738 16.3722 0.00126796 0.127279 
56 34.2389 8.1757 0.0895429 0.168808 52.7349 16.3355 0.00117216 0.119984 
57 34.3487 8.14948 0.085219 0.15978 52.9918 16.3007 0.00108449 0.113108 
58 34.4553 8.12492 0.0811349 0.151271 53.2445 16.2678 0.00100419 0.106623 
59 34.5589 8.10188 0.0772755 0.143244 53.493 16.2366 0.00093055 0.1005 
60 34.6594 8.08026 0.0736264 0.135666 53.7375 16.207 0.000862966 0.0947157 
61 34.757 8.05996 0.0701745 0.128509 53.9779 16.1789 0.000800878 0.0892455 
62 34.8517 8.04088 0.0669074 0.121744 54.2144 16.1523 0.000743788 0.0840683 
63 34.9437 8.02294 0.0638137 0.115345 54.4469 16.1269 0.000691245 0.0791641 
64 35.0329 8.00605 0.0608828 0.109289 54.6757 16.1029 0.000642845 0.0745156 
65 35.1195 7.99013 0.0581046 0.103555 54.9007 16.08 0.000598223 0.0701072 
66 35.2035 7.97512 0.0554699 0.0981215 55.1219 16.0581 0.00055705 0.0659235 
67 35.285 7.96095 0.0529701 0.0929723 55.3396 16.0374 0.000519028 0.0619525 
68 35.3641 7.94757 0.0505971 0.0880911 55.5537 16.0176 0.000483886 0.0581838 
69 35.4408 7.93494 0.0483434 0.0834632 55.7643 15.9987 0.000451382 0.0546076 
70 35.5152 7.92299 0.046202 0.0790758 55.9715 15.9807 0.000421294 0.0512163 
71 35.5874 7.91172 0.0441664 0.0749174 56.1753 15.9636 0.000393422 0.0480033 
72 35.6574 7.90109 0.0422305 0.0709801 56.3758 15.9473 0.000367585 0.044967 
73 35.7255 7.89109 0.0403888 0.0672547 56.5731 15.9318 0.000343617 0.0421033 
74 35.7915 7.88172 0.0386361 0.0637345 56.7673 15.9171 0.000321369 0.0394106 
75 35.8557 7.87298 0.0369676 0.0604183 56.9585 15.9032 0.000300705 0.0368961 
76 35.9181 7.86492 0.035379 0.0573033 57.1466 15.89 0.000281504 0.0345632 
77 35.9789 7.85755 0.0338663 0.0543935 57.3319 15.8777 0.000263652 0.0324259 
78 36.0381 7.85093 0.0324261 0.0516893 57.5144 15.8663 0.000247051 0.0304916 
79 36.0959 7.84512 0.0310551 0.0491975 57.6942 15.8557 0.000231607 0.0287773 
80 36.1524 7.84018 0.0297505 0.0469261 57.8713 15.846 0.00021724 0.0273014 
81 36.2077 7.83619 0.0285099 0.044883 58.046 15.8372 0.000203873 0.0260818 
82 36.2618 7.83321 0.0273312 0.0430769 58.2182 15.8295 0.00019144 0.0251369 
83 36.315 7.8313 0.0262124 0.0415145 58.388 15.8228 0.000179879 0.0244816 
84 36.3673 7.83052 0.025152 0.0402025 58.5556 15.8172 0.000169134 0.0241303 
85 36.4188 7.8309 0.0241486 0.0391407 58.721 15.8126 0.000159154 0.0240864 
86 36.4695 7.83243 0.0232009 0.0383284 58.8842 15.8091 0.000149891 0.0243516 
87 36.5195 7.83508 0.0223076 0.0377581 59.0454 15.8066 0.000141303 0.0249171 
88 36.5689 7.8388 0.0214676 0.0374163 59.2044 15.8051 0.000133347 0.025764 
89 36.6175 7.84345 0.0206795 0.037282 59.3614 15.8045 0.000125985 0.0268614 
90 36.6655 7.8489 0.0199419 0.037329 59.5164 15.8047 0.000119178 0.0281704 
91 36.7127 7.85495 0.019253 0.0375248 59.6692 15.8054 0.000112889 0.0296414 
92 36.7593 7.86139 0.018611 0.0378306 59.8199 15.8067 0.000107083 0.0312156 
93 36.805 7.86796 0.0180135 0.0382032 59.9685 15.8082 0.000101723 0.0328267 
94 36.85 7.87441 0.017458 0.0386007 60.1149 15.8098 9.6775e-05 0.0344108 
95 36.894 7.88048 0.0169417 0.0389766 60.259 15.8113 9.22033e-05 0.0358975 
96 36.9372 7.88592 0.0164614 0.0392867 60.4008 15.8124 8.79738e-05 0.0372192 
97 36.9793 7.89052 0.0160139 0.0394922 60.5402 15.8131 8.40534e-05 0.0383182 
98 37.0205 7.89408 0.0155955 0.039558 60.6773 15.8131 8.04097e-05 0.0391426 
99 37.0606 7.89646 0.0152027 0.0394557 60.812 15.8124 7.70122e-05 0.0396507 
100 37.0997 7.89757 0.0148319 0.0391648 60.9444 15.8108 7.38319e-05 0.0398147 
101 37.1378 7.89735 0.0144797 0.0386739 61.0744 15.8083 7.0842e-05 0.0396206 
102 37.1748 7.89583 0.0141427 0.0379783 61.202 15.8049 6.80184e-05 0.0390655 
103 37.2107 7.89304 0.0138178 0.0370816 61.3274 15.8006 6.53392e-05 0.0381596 
104 37.2457 7.88909 0.0135024 0.0359957 61.4506 15.7954 6.27853e-05 0.0369258 
105 37.2798 7.8841 0.0131939 0.0347376 61.5717 15.7894 6.03402e-05 0.0353955 
106 37.313 7.87822 0.0128904 0.0333284 61.6908 15.7828 5.79904e-05 0.0336061 
107 37.3453 7.87162 0.0125902 0.0317936 61.8079 15.7755 5.57244e-05 0.0316014 
108 37.3769 7.86447 0.012292 0.0301592 61.9232 15.7678 5.35334e-05 0.0294262 
109 37.4078 7.85694 0.0119948 0.0284532 62.0368 15.7598 5.14105e-05 0.0271276 
110 37.4381 7.8492 0.0116982 0.0267023 62.1488 15.7515 4.93505e-05 0.0247503 
111 37.4677 7.84138 0.0114018 0.024931 62.2592 15.7431 4.735e-05 0.022335 
112 37.4969 7.83364 0.0111056 0.0231629 62.3682 15.7348 4.54066e-05 0.0199207 
113 37.5254 7.82607 0.0108097 0.0214184 62.4757 15.7265 4.35189e-05 0.0175411 
114 37.5536 7.81878 0.0105145 0.0197147 62.582 15.7184 4.16862e-05 0.0152238 
115 37.5812 7.81183 0.0102204 0.0180661 62.687 15.7105 3.99084e-05 0.0129921 
116 37.6084 7.80528 0.00992795 0.0164824 62.7909 15.7029 3.81855e-05 0.0108616 
117 37.6352 7.79917 0.00963777 0.0149748 62.8936 15.6956 3.6518e-05 0.00884999 
118 37.6615 7.79353 0.00935042 0.0135464 62.9951 15.6886 3.49061e-05 0.00696195 
119 37.6873 7.78835 0.00906649 0.0122028 63.0956 15.6821 3.335e-05 0.00520606 
120 37.7127 7.78364 0.00878655 0.0109433 63.195 15.6759 3.18498e-05 0.00358042 
121 37.7376 7.77938 0.00851112 0.00977047 63.2934 15.6701 3.04055e-05 0.00208871 
122 37.7619 7.77557 0.00824067 0.00868054 63.3908 15.6646 2.90167e-05 0.000724341 
123 37.7858 7.77218 0.00797562 0.00767243 63.4872 15.6595 2.76831e-05 -0.000514932 
124 37.8091 7.76919 0.00771632 0.0067419 63.5826 15.6548 2.6404e-05 -0.00163647 
125 37.8318 7.76656 0.00746309 0.00588628 63.677 15.6504 2.51784e-05 -0.00264495 
126 37.854 7.76428 0.00721615 0.00510062 63.7704 15.6464 2.40053e-05 -0.00354874 
127 37.8755 7.76231 0.0069757 0.00438138 63.8628 15.6426 2.28834e-05 -0.00435381 
128 37.8964 7.76063 0.00674186 0.00372298 63.9543 15.6391 2.18116e-05 -0.0050695 
129 37.9168 7.75921 0.00651473 0.00312245 64.0448 15.6359 2.07882e-05 -0.00570069 
130 37.9364 7.75802 0.00629434 0.00257422 64.1343 15.6329 1.98119e-05 -0.00625656 
131 37.9555 7.75705 0.00608071 0.00207493 64.2229 15.6302 1.88809e-05 -0.00674259 
132 37.9739 7.75627 0.0058738 0.00162078 64.3106 15.6277 1.79937e-05 -0.00716489 
133 37.9917 7.75566 0.00567356 0.00120749 64.3973 15.6254 1.71485e-05 -0.00753044 
134 38.0088 7.7552 0.00547991 0.000832567 64.483 15.6233 1.63437e-05 -0.00784311 
135 38.0253 7.75488 0.00529273 0.000492358 64.5678 15.6213 1.55777e-05 -0.00810874 
136 38.0412 7.75467 0.00511192 0.000183672 64.6517 15.6195 1.48488e-05 -0.0083324 
137 38.0564 7.75458 0.00493734 -9.57491e-05 64.7347 15.6178 1.41553e-05 -0.00851754 
138 38.071 7.75458 0.00476885 -0.000348469 64.8167 15.6163 1.34956e-05 -0.00866814 
139 38.085 7.75466 0.00460628 -0.000576842 64.8978 15.6148 1.28683e-05 -0.00878783 
140 38.0985 7.75481 0.00444948 -0.0007832 64.978 15.6135 1.22717e-05 -0.00888021 
141 38.1113 7.75503 0.00429828 -0.000969156 65.0573 15.6123 1.17044e-05 -0.00894764 
142 38.1235 7.7553 0.00415251 -0.00113627 65.1358 15.6112 1.11651e-05 -0.00899242 
143 38.1352 7.75562 0.00401202 -0.00128715 65.2133 15.6102 1.06523e-05 -0.00901863 
144 38.1464 7.75598 0.00387661 -0.00142305 65.2899 15.6093 1.01647e-05 -0.00902806 
145 38.157 7.75638 0.00374613 -0.00154492 65.3657 15.6084 9.70109e-06 -0.00902198 
146 38.167 7.75681 0.00362041 -0.00165427 65.4406 15.6076 9.26026e-06 -0.00900262 
147 38.1766 7.75726 0.00349928 -0.00175232 65.5146 15.6068 8.84106e-06 -0.00897176 
148 38.1857 7.75774 0.00338257 -0.00184022 65.5878 15.6061 8.4424e-06 -0.00893104 
149 38.1943 7.75823 0.00327014 -0.00191846 65.6602 15.6055 8.06323e-06 -0.008881 
150 38.2024 7.75874 0.00316182 -0.001988 65.7317 15.6049 7.70255e-06 -0.00882297 
151 38.21 7.75927 0.00305746 -0.00204976 65.8024 15.6044 7.35944e-06 -0.00875825 
152 38.2172 7.7598 0.00295691 -0.00210405 65.8723 15.6039 7.03298e-06 -0.00868713 
153 38.224 7.76034 0.00286004 -0.00215145 65.9414 15.6034 6.72232e-06 -0.00861028 
154 38.2304 7.76089 0.0027667 -0.00219366 66.0097 15.603 6.42667e-06 -0.00853042 
155 38.2364 7.76144 0.00267676 -0.00222976 66.0772 15.6026 6.14524e-06 -0.00844573 
156 38.242 7.76199 0.00259009 -0.00226021 66.1439 15.6022 5.87731e-06 -0.0083567 
157 38.2472 7.76255 0.00250657 -0.00228604 66.2099 15.6019 5.6222e-06 -0.00826494 
158 38.252 7.76311 0.00242606 -0.00230812 66.275 15.6016 5.37923e-06 -0.00817174 
159 38.2565 7.76366 0.00234847 -0.00232576 66.3395 15.6013 5.14781e-06 -0.00807566 
160 38.2606 7.76422 0.00227367 -0.00233985 66.4032 15.601 4.92733e-06 -0.00797806 
161 38.2644 7.76477 0.00220155 -0.00235109 66.4661 15.6008 4.71725e-06 -0.00787997 
162 38.2679 7.76532 0.00213202 -0.00235884 66.5284 15.6006 4.51703e-06 -0.00778009 
163 38.2711 7.76586 0.00206497 -0.00236416 66.5899 15.6004 4.32617e-06 -0.00768007 
164 38.274 7.7664 0.00200031 -0.00236736 66.6507 15.6002 4.14421e-06 -0.00758029 
165 38.2766 7.76694 0.00193794 -0.00236815 66.7108 15.6 3.9707e-06 -0.00748011 
166 38.2789 7.76747 0.00187778 -0.00236729 66.7702 15.5998 3.8052e-06 -0.00738065 
167 38.281 7.768 0.00181974 -0.00236413 66.829 15.5997 3.64733e-06 -0.00728067 
168 38.2828 7.76852 0.00176374 -0.00235927 66.887 15.5996 3.49669e-06 -0.00718106 
169 38.2843 7.76903 0.0017097 -0.00235266 66.9444 15.5994 3.35294e-06 -0.0070816 
170 38.2856 7.76954 0.00165754 -0.00234482 67.0012 15.5993 3.21572e-06 -0.00698305 
171 38.2867 7.77005 0.0016072 -0.00233473 67.0573 15.5992 3.08473e-06 -0.00688353 
172 38.2876 7.77055 0.0015586 -0.00232344 67.1127 15.5991 2.95964e-06 -0.00678474 
173 38.2882 7.77104 0.00151169 -0.00231099 67.1676 15.5991 2.84018e-06 -0.00668666 
174 38.2886 7.77153 0.00146639 -0.00229716 67.2218 15.599 2.72606e-06 -0.00658877 
175 38.2889 7.77201 0.00142264 -0.00228166 67.2754 15.5989 2.61704e-06 -0.00649049 
176 38.2889 7.77249 0.00138039 -0.00226529 67.3284 15.5989 2.51285e-06 -0.00639309 
177 38.2887 7.77296 0.00133958 -0.00224797 67.3808 15.5988 2.41328e-06 -0.00629635 
178 38.2884 7.77342 0.00130015 -0.00222941 67.4326 15.5988 2.31809e-06 -0.00619966 
179 38.2879 7.77388 0.00126206 -0.00221078 67.4838 15.5988 2.22708e-06 -0.00610501 
180 38.2873 7.77433 0.00122525 -0.00219077 67.5344 15.5987 2.14004e-06 -0.00600999 
181 38.2864 7.77478 0.00118968 -0.0021704 67.5845 15.5987 2.0568e-06 -0.00591634 
182 38.2855 7.77522 0.00115531 -0.00214892 67.634 15.5987 1.97716e-06 -0.00582263 
183 38.2844 7.77565 0.00112208 -0.0021275 67.683 15.5987 1.90097e-06 -0.00573087 
184 38.2831 7.77608 0.00108995 -0.00210573 67.7314 15.5987 1.82805e-06 -0.00564027 
185 38.2817 7.7765 0.00105889 -0.00208413 67.7793 15.5987 1.75825e-06 -0.00555168 
186 38.2802 7.77691 0.00102885 -0.00206145 67.8267 15.5987 1.69143e-06 -0.00546281 
187 38.2785 7.77732 0.000999801 -0.00203934 67.8735 15.5987 1.62744e-06 -0.00537652 
188 38.2767 7.77772 0.0009717 -0.00201737 67.9198 15.5987 1.56616e-06 -0.00529202 
189 38.2748 7.7781 0.000944514 -0.00199568 67.9656 15.5987 1.50746e-06 -0.00520945 
190 38.2728 7.77848 0.000918209 -0.00197405 68.0109 15.5987 1.45121e-06 -0.00512842 
191 38.2707 7.77885 0.000892751 -0.00195303 68.0557 15.5987 1.39731e-06 -0.0050498 
192 38.2685 7.77921 0.000868108 -0.00193259 68.1 15.5987 1.34564e-06 -0.00497352 
193 38.2662 7.77956 0.000844251 -0.00191257 68.1438 15.5987 1.2961e-06 -0.00489925 
194 38.2638 7.77991 0.00082115 -0.00189305 68.1872 15.5987 1.24859e-06 -0.00482707 
195 38.2612 7.78024 0.000798775 -0.00187437 68.2301 15.5988 1.20303e-06 -0.00475755 
196 38.2587 7.78056 0.000777102 -0.00185583 68.2725 15.5988 1.15931e-06 -0.00468937 
197 38.256 7.78087 0.000756102 -0.00183777 68.3144 15.5988 1.11735e-06 -0.00462314 
198 38.2532 7.78118 0.000735751 -0.00182094 68.3559 15.5988 1.07708e-06 -0.00456014 
199 38.2504 7.78147 0.000716025 -0.00180435 68.397 15.5988 1.03842e-06 -0.00449856 
200 38.2474 7.78176 0.000696901 -0.00178824 68.4376 15.5988 1.0013e-06 -0.00443878