1 -2.86631 0.651875 3.404 -0.729882 1.43579 -1.85261 
2 -3.21522 0.419692 3.9811 -1.1535 0.88016 -2.09681 
3 -3.27824 -0.311102 2.58554 -1.39426 0.0899188 -2.15082 
4 -3.24015 -1.13065 0.69112 -1.4252 -0.517579 -1.86876 
5 -3.15875 -1.77902 -0.84894 -1.31687 -0.82759 -1.52843 
6 -3.058 -2.18972 -1.85366 -1.14393 -0.895496 -1.23443 
7 -2.94934 -2.40299 -2.40823 -0.962207 -0.83813 -0.995941 
8 -2.83866 -2.4819 -2.65331 -0.798447 -0.736069 -0.806175 
9 -2.72913 -2.47927 -2.71431 -0.659889 -0.626812 -0.656857 
10 -2.62247 -2.43164 -2.67762 -0.545813 -0.525719 -0.539439 
11 -2.51959 -2.36147 -2.59402 -0.452957 -0.438095 -0.446507 
12 -2.42095 -2.2815 -2.49093 -0.377559 -0.364428 -0.372318 
13 -2.32672 -2.19859 -2.38247 -0.316187 -0.303302 -0.312564 
14 -2.23689 -2.11631 -2.27549 -0.266001 -0.252804 -0.264024 
15 -2.15139 -2.03644 -2.17311 -0.22474 -0.211123 -0.224272 
16 -2.07008 -1.95981 -2.07656 -0.19063 -0.176657 -0.191477 
17 -1.99276 -1.88675 -1.98615 -0.162281 -0.148095 -0.164237 
18 -1.91925 -1.8173 -1.90174 -0.138603 -0.124354 -0.141473 
19 -1.84933 -1.7514 -1.82298 -0.118735 -0.104564 -0.122341 
20 -1.78286 -1.68888 -1.74946 -0.10199 -0.0880209 -0.106178 
21 -1.71959 -1.62956 -1.68074 -0.0878239 -0.0741525 -0.0924591 
22 -1.65933 -1.57325 -1.61641 -0.0757942 -0.0624987 -0.0807629 
23 -1.60197 -1.51975 -1.55607 -0.0655447 -0.0526825 -0.0707506 
24 -1.54729 -1.46888 -1.49937 -0.0567845 -0.0443944 -0.0621477 
25 -1.49515 -1.42047 -1.44598 -0.0492757 -0.037385 -0.0547293 
26 -1.44538 -1.37436 -1.39563 -0.0428224 -0.0314462 -0.0483113 
27 -1.39789 -1.33038 -1.34804 -0.0372622 -0.0264068 -0.0427416 
28 -1.35252 -1.28842 -1.30298 -0.0324607 -0.022125 -0.037894 
29 -1.30916 -1.24832 -1.26027 -0.0283053 -0.0184827 -0.0336634 
30 -1.26767 -1.21 -1.2197 -0.024702 -0.0153817 -0.0299617 
31 -1.22799 -1.17332 -1.18111 -0.0215716 -0.0127396 -0.0267149 
32 -1.18998 -1.1382 -1.14437 -0.0188474 -0.0104873 -0.0238604 
33 -1.15361 -1.10453 -1.10933 -0.0164728 -0.00856674 -0.0213454 
34 -1.11868 -1.07225 -1.07587 -0.0144 -0.00692895 -0.0191248 
35 -1.08521 -1.04127 -1.0439 -0.012588 -0.00553261 -0.0171603 
36 -1.0531 -1.01152 -1.01331 -0.0110022 -0.00434264 -0.015419 
37 -1.02232 -0.982929 -0.984006 -0.00961248 -0.00332927 -0.0138728 
38 -0.992676 -0.95544 -0.95592 -0.0083935 -0.00246729 -0.0124975 
39 -0.964258 -0.928995 -0.928974 -0.00732315 -0.00173511 -0.0112721 
40 -0.936883 -0.903539 -0.903101 -0.00638249 -0.00111428 -0.0101786 
41 -0.910561 -0.879025 -0.87824 -0.00555518 -0.000589203 -0.0092013 
42 -0.885259 -0.855404 -0.854333 -0.00482706 -0.000146421 -0.00832654 
43 -0.860908 -0.832634 -0.831329 -0.00418583 0.000225684 -0.0075425 
44 -0.8374 -0.810674 -0.809179 -0.00362086 0.000537047 -0.00683881 
45 -0.814803 -0.789486 -0.787839 -0.00312286 0.000796269 -0.00620642 
46 -0.79297 -0.769034 -0.767268 -0.00268377 0.00101054 -0.00563742 
47 -0.771972 -0.749284 -0.747427 -0.00229652 0.00118643 -0.00512481 
48 -0.751711 -0.730206 -0.728281 -0.00195498 0.00132936 -0.00466249 
49 -0.732134 -0.711768 -0.709795 -0.00165374 0.00144414 -0.00424505 
50 -0.713242 -0.693944 -0.691939 -0.00138806 0.00153491 -0.00386773 
51 -0.694985 -0.676705 -0.674684 -0.00115382 0.00160527 -0.00352631 
52 -0.677331 -0.660028 -0.658001 -0.000947351 0.00165834 -0.00321707 
53 -0.660269 -0.643888 -0.641865 -0.000765449 0.00169678 -0.00293669 
54 -0.643849 -0.628263 -0.626251 -0.000605292 0.00172306 -0.00268223 
55 -0.627859 -0.613131 -0.611138 -0.000464376 0.00173917 -0.00245107 
56 -0.612496 -0.598472 -0.596501 -0.000340507 0.00174681 -0.0022409 
57 -0.597558 -0.584267 -0.582322 -0.000231728 0.00174758 -0.00204962 
58 -0.583097 -0.570497 -0.568581 -0.00013632 0.00174279 -0.00187539 
59 -0.569143 -0.557144 -0.55526 -5.27578e-05 0.00173331 -0.00171654 
60 -0.555612 -0.544193 -0.54234 2.0316e-05 0.00172036 -0.0015716 
61 -0.5425 -0.531626 -0.529805 8.41071e-05 0.00170436 -0.00143923 
62 -0.529781 -0.51943 -0.51764 0.000139678 0.00168614 -0.00131824 
63 -0.517439 -0.507589 -0.50583 0.000187984 0.00166595 -0.00120757 
64 -0.505466 -0.496089 -0.49436 0.000229863 0.00164447 -0.00110626 
65 -0.493837 -0.484918 -0.483217 0.000266069 0.00162181 -0.00101347 
66 -0.4826 -0.474064 -0.472389 0.00029725 0.00159818 -0.000928396 
67 -0.471711 -0.463514 -0.461865 0.000323986 0.00157389 -0.000850363 
68 -0.461052 -0.453257 -0.451633 0.000346809 0.00154887 -0.000778756 
69 -0.450767 -0.443283 -0.441683 0.000366134 0.00152319 -0.00071301 
70 -0.440741 -0.433582 -0.432008 0.000382374 0.00149635 -0.000652625 
71 -0.43101 -0.424146 -0.422597 0.000395843 0.00146827 -0.000597148 
72 -0.421531 -0.414966 -0.413445 0.000406799 0.00143825 -0.000546212 
73 -0.412373 -0.406035 -0.404546 0.000415482 0.00140525 -0.000499438 
74 -0.40334 -0.397346 -0.395895 0.000422061 0.00136857 -0.000456485 
75 -0.394646 -0.388894 -0.387488 0.000426673 0.00132675 -0.000417124 
76 -0.386189 -0.380674 -0.379323 0.000429365 0.00127792 -0.000381097 
77 -0.377913 -0.372682 -0.371397 0.000430243 0.00122055 -0.000348223 
78 -0.369815 -0.364915 -0.36371 0.000429264 0.00115269 -0.000318295 
79 -0.361937 -0.35737 -0.356261 0.000426432 0.00107284 -0.000291171 
80 -0.354293 -0.350046 -0.349051 0.000421701 0.000979046 -0.000266765 
81 -0.346837 -0.342941 -0.34208 0.00041503 0.000870363 -0.000244951 
82 -0.33956 -0.336055 -0.335348 0.000406261 0.000745627 -0.000225663 
83 -0.332457 -0.329387 -0.328854 0.000395375 0.000604604 -0.00020882 
84 -0.325526 -0.322935 -0.322596 0.000382295 0.000447887 -0.000194363 
85 -0.318773 -0.316699 -0.316572 0.000366939 0.000276854 -0.00018221 
86 -0.312235 -0.310678 -0.310777 0.000349334 9.36332e-05 -0.000172288 
87 -0.305892 -0.304868 -0.305205 0.000329475 -9.83858e-05 -0.000164523 
88 -0.299704 -0.299267 -0.299846 0.000307452 -0.000295481 -0.000158803 
89 -0.293662 -0.29387 -0.294691 0.000283384 -0.000492616 -0.000154986 
90 -0.287818 -0.288674 -0.289728 0.000257507 -0.000683964 -0.000152943 
91 -0.282286 -0.283671 -0.284943 0.000230055 -0.000863736 -0.000152483 
92 -0.27694 -0.278855 -0.280323 0.000201409 -0.00102595 -0.000153399 
93 -0.271776 -0.274219 -0.275851 0.000171939 -0.00116471 -0.000155443 
94 -0.266977 -0.269755 -0.271513 0.000142147 -0.0012745 -0.000158403 
95 -0.262377 -0.265453 -0.267296 0.00011249 -0.00135065 -0.000161986 
96 -0.258044 -0.261306 -0.263186 8.35189e-05 -0.00139004 -0.000165914 
97 -0.254065 -0.257305 -0.259172 5.57632e-05 -0.0013901 -0.000169925 
98 -0.250251 -0.253441 -0.255246 2.97177e-05 -0.00135063 -0.00017374 
99 -0.246833 -0.249706 -0.2514 5.86759e-06 -0.00127196 -0.000177106 
100 -0.243534 -0.246091 -0.247629 -1.53985e-05 -0.00115732 -0.00017979 
101 -0.240557 -0.24259 -0.243932 -3.36583e-05 -0.00101 -0.000181603 
102 -0.237725 -0.239194 -0.240308 -4.87017e-05 -0.000835387 -0.000182377 
103 -0.235045 -0.235897 -0.236757 -6.03265e-05 -0.000639302 -0.000181989 
104 -0.232571 -0.232692 -0.23328 -6.84882e-05 -0.000428781 -0.000180367 
105 -0.230048 -0.229571 -0.229881 -7.31517e-05 -0.00021005 -0.000177486 
106 -0.227689 -0.226528 -0.226559 -7.44822e-05 9.28271e-06 -0.000173345 
107 -0.225393 -0.223555 -0.223316 -7.26656e-05 0.000223474 -0.000168003 
108 -0.222993 -0.220645 -0.220153 -6.79665e-05 0.000425937 -0.000161544 
109 -0.220612 -0.217792 -0.217067 -6.07105e-05 0.000612387 -0.000154084 
110 -0.218267 -0.214987 -0.214058 -5.12676e-05 0.000778537 -0.000145764 
111 -0.215885 -0.212224 -0.211119 -4.00352e-05 0.000921685 -0.00013673 
112 -0.213367 -0.209496 -0.208248 -2.74097e-05 0.00104014 -0.000127149 
113 -0.210788 -0.206797 -0.205437 -1.37996e-05 0.00113325 -0.000117187 
114 -0.208221 -0.204119 -0.20268 4.36341e-07 0.00120098 -0.000107007 
115 -0.205615 -0.201458 -0.19997 1.48877e-05 0.0012445 -9.67596e-05 
116 -0.202949 -0.198809 -0.197299 2.93065e-05 0.00126553 -8.65758e-05 
117 -0.200254 -0.196167 -0.194661 4.33606e-05 0.00126651 -7.6604e-05 
118 -0.197505 -0.19353 -0.19205 5.68276e-05 0.00124962 -6.69284e-05 
119 -0.194702 -0.190895 -0.189458 6.95286e-05 0.00121778 -5.76599e-05 
120 -0.191859 -0.18826 -0.186882 8.13277e-05 0.0011734 -4.88481e-05 
121 -0.189007 -0.185626 -0.184317 9.20976e-05 0.00111951 -4.05723e-05 
122 -0.18615 -0.18299 -0.18176 0.000101769 0.00105841 -3.2849e-05 
123 -0.183293 -0.180356 -0.179209 0.00011032 0.000992433 -2.57107e-05 
124 -0.180443 -0.177722 -0.176662 0.000117775 0.000923675 -1.91603e-05 
125 -0.177605 -0.175092 -0.174119 0.000124101 0.000853786 -1.32026e-05 
126 -0.174785 -0.172468 -0.171581 0.000129386 0.000784303 -7.81776e-06 
127 -0.171989 -0.169851 -0.169048 0.000133667 0.000716266 -2.99382e-06 
128 -0.169192 -0.167245 -0.166522 0.000136983 0.000650641 1.30411e-06 
129 -0.166402 -0.164651 -0.164004 0.000139447 0.000588212 5.09719e-06 
130 -0.163625 -0.162073 -0.161498 0.000141088 0.000529284 8.42399e-06 
131 -0.160893 -0.159512 -0.159004 0.000142026 0.000474344 1.13182e-05 
132 -0.158183 -0.156973 -0.156525 0.00014231 0.000423369 1.38093e-05 
133 -0.155504 -0.154456 -0.154065 0.000142017 0.000376411 1.59398e-05 
134 -0.152935 -0.151964 -0.151624 0.000141219 0.000333414 1.77348e-05 
135 -0.150425 -0.1495 -0.149206 0.000139977 0.000294359 1.92305e-05 
136 -0.147874 -0.147064 -0.146811 0.000138343 0.000258941 2.0461e-05 
137 -0.145337 -0.144659 -0.144443 0.000136395 0.000226955 2.14491e-05 
138 -0.142832 -0.142286 -0.142103 0.000134149 0.000198297 2.22259e-05 
139 -0.140457 -0.139946 -0.139792 0.00013168 0.000172463 2.28143e-05 
140 -0.138159 -0.13764 -0.137512 0.000129027 0.000149602 2.32386e-05 
141 -0.135773 -0.13537 -0.135264 0.000126208 0.000129334 2.3517e-05 
142 -0.13343 -0.133134 -0.133049 0.000123269 0.000111341 2.36657e-05 
143 -0.131226 -0.130935 -0.130867 0.000120225 9.54993e-05 2.37092e-05 
144 -0.129076 -0.128773 -0.128719 0.000117125 8.15234e-05 2.36608e-05 
145 -0.126846 -0.126647 -0.126607 0.000113984 6.93502e-05 2.3528e-05 
146 -0.124702 -0.124558 -0.124529 0.000110833 5.86994e-05 2.33279e-05 
147 -0.122716 -0.122506 -0.122487 0.000107668 4.9383e-05 2.30702e-05 
148 -0.120604 -0.120491 -0.12048 0.000104521 4.12838e-05 2.2765e-05 
149 -0.118574 -0.118513 -0.118509 0.000101416 3.40334e-05 2.24176e-05 
150 -0.116701 -0.116571 -0.116573 9.83449e-05 2.7904e-05 2.20378e-05 
151 -0.114698 -0.114665 -0.114672 9.53045e-05 2.2511e-05 2.16317e-05 
152 -0.112829 -0.112794 -0.112807 9.23583e-05 1.77178e-05 2.12031e-05 
153 -0.111001 -0.11096 -0.110975 8.94521e-05 1.3682e-05 2.07586e-05 
154 -0.109104 -0.10916 -0.109178 8.65996e-05 1.02017e-05 2.03046e-05 
155 -0.107457 -0.107394 -0.107415 8.38232e-05 7.1163e-06 1.98394e-05 
156 -0.105627 -0.105663 -0.105686 8.11353e-05 4.35493e-06 1.93687e-05 
157 -0.103957 -0.103964 -0.103989 7.84978e-05 2.08865e-06 1.8893e-05 
158 -0.10227 -0.102299 -0.102325 7.59673e-05 3.57301e-07 1.84207e-05 
159 -0.100604 -0.100666 -0.100694 7.34644e-05 -1.28183e-06 1.79469e-05 
160 -0.0990346 -0.0990649 -0.099093 7.10809e-05 -2.63943e-06 1.7477e-05 
161 -0.0973931 -0.0974948 -0.0975235 6.87479e-05 -3.71967e-06 1.70134e-05 
162 -0.0959324 -0.0959553 -0.0959843 6.64736e-05 -4.64887e-06 1.65522e-05 
163 -0.094323 -0.0944458 -0.094475 6.43145e-05 -5.31688e-06 1.60991e-05 
164 -0.0929403 -0.0929658 -0.092995 6.2204e-05 -5.79057e-06 1.56542e-05 
165 -0.0913849 -0.0915145 -0.0915437 6.01725e-05 -6.12511e-06 1.52161e-05 
166 -0.0900513 -0.0900916 -0.0901206 5.81958e-05 -6.47971e-06 1.47894e-05 
167 -0.0885744 -0.0886963 -0.0887252 5.62934e-05 -6.85446e-06 1.43694e-05 
168 -0.0872642 -0.0873282 -0.0873568 5.44491e-05 -6.91539e-06 1.39584e-05 
169 -0.0858876 -0.0859866 -0.0860149 5.26939e-05 -7.19972e-06 1.35566e-05 
170 -0.0845912 -0.084671 -0.0846989 5.09822e-05 -7.39731e-06 1.31667e-05 
171 -0.0833209 -0.0833809 -0.0834084 4.93236e-05 -7.62327e-06 1.2784e-05 
172 -0.0820072 -0.0821156 -0.0821429 4.7738e-05 -7.824e-06 1.24117e-05 
173 -0.0808593 -0.0808749 -0.0809017 4.62003e-05 -8.16365e-06 1.205e-05 
174 -0.0795026 -0.0796579 -0.0796844 4.46938e-05 -8.33623e-06 1.1697e-05 
175 -0.0783998 -0.0784643 -0.0784905 4.32615e-05 -8.57433e-06 1.13519e-05 
176 -0.0771948 -0.0772937 -0.0773194 4.18672e-05 -8.80926e-06 1.10169e-05 
177 -0.0760392 -0.0761453 -0.0761708 4.05296e-05 -8.95255e-06 1.06911e-05 
178 -0.0750013 -0.0750189 -0.0750441 3.9217e-05 -9.3107e-06 1.03732e-05 
179 -0.0737586 -0.0739139 -0.0739388 3.79482e-05 -9.48264e-06 1.00669e-05 
180 -0.0727472 -0.0728299 -0.0728546 3.67432e-05 -9.56477e-06 9.76663e-06 
181 -0.0717164 -0.0717664 -0.0717908 3.55766e-05 -9.85306e-06 9.47574e-06 
182 -0.0705699 -0.070723 -0.0707472 3.44378e-05 -1.00304e-05 9.19146e-06 
183 -0.0696261 -0.0696993 -0.0697233 3.33331e-05 -1.02205e-05 8.91668e-06 
184 -0.0686268 -0.0686947 -0.0687185 3.22568e-05 -1.02742e-05 8.64948e-06 
185 -0.0675604 -0.067709 -0.0677326 3.12373e-05 -1.04617e-05 8.39197e-06 
186 -0.0666672 -0.0667416 -0.066765 3.02492e-05 -1.04588e-05 8.13847e-06 
187 -0.0657362 -0.0657923 -0.0658154 2.92812e-05 -1.05137e-05 7.89421e-06 
188 -0.0646985 -0.0648605 -0.0648833 2.83483e-05 -1.0636e-05 7.65774e-06 
189 -0.0638615 -0.0639459 -0.0639684 2.74612e-05 -1.05812e-05 7.42844e-06 
190 -0.0630346 -0.0630482 -0.0630703 2.65872e-05 -1.04976e-05 7.20515e-06 
191 -0.0620314 -0.0621669 -0.0621886 2.57638e-05 -1.03043e-05 6.98955e-06 
192 -0.0611924 -0.0613016 -0.0613228 2.49481e-05 -1.02022e-05 6.78043e-06 
193 -0.0604127 -0.0604521 -0.0604727 2.41744e-05 -9.91782e-06 6.57846e-06 
194 -0.059555 -0.059618 -0.0596379 2.34227e-05 -9.69901e-06 6.38277e-06 
195 -0.0586409 -0.0587989 -0.058818 2.27121e-05 -9.38444e-06 6.19422e-06 
196 -0.0579079 -0.0579944 -0.0580128 2.20242e-05 -8.97094e-06 6.01063e-06 
197 -0.0571849 -0.0572043 -0.0572218 2.1362e-05 -8.46083e-06 5.83296e-06 
198 -0.0563657 -0.0564283 -0.0564448 2.07091e-05 -8.04223e-06 5.66322e-06 
199 -0.0555162 -0.0556659 -0.0556814 2.01113e-05 -7.56929e-06 5.49889e-06 
200 -0.0548289 -0.0549169 -0.0549314 1.95182e-05 -7.06768e-06 5.33973e-06 
201 -0.0541499 -0.054181 -0.0541944 1.89724e-05 -6.35178e-06 5.1868e-06 
202 -0.0534503 -0.0534579 -0.0534702 1.84333e-05 -5.78531e-06 5.03939e-06 
203 -0.0526466 -0.0527473 -0.0527586 1.79202e-05 -5.07651e-06 4.89628e-06 
204 -0.0519331 -0.0520489 -0.0520592 1.74354e-05 -4.55728e-06 4.75952e-06 
205 -0.0513041 -0.0513625 -0.0513718 1.69582e-05 -3.72803e-06 4.62697e-06 
206 -0.0506858 -0.0506877 -0.0506961 1.64947e-05 -3.14813e-06 4.50008e-06 
207 -0.0500252 -0.0500244 -0.0500319 1.60535e-05 -2.39053e-06 4.37741e-06 
208 -0.0492915 -0.0493723 -0.049379 1.56158e-05 -1.78161e-06 4.25905e-06 
209 -0.0486075 -0.048731 -0.0487371 1.52061e-05 -1.1096e-06 4.14505e-06 
210 -0.0480317 -0.0481005 -0.0481059 1.47852e-05 -5.97451e-07 4.03579e-06 
211 -0.0474462 -0.0474804 -0.0474853 1.43839e-05 -5.66251e-08 3.92945e-06 
212 -0.0468932 -0.0468705 -0.046875 1.39816e-05 4.89764e-07 3.82774e-06 
213 -0.0462693 -0.0462706 -0.0462749 1.3587e-05 9.52746e-07 3.729e-06 
214 -0.0456117 -0.0456806 -0.0456846 1.3199e-05 1.23968e-06 3.63426e-06 
215 -0.0449769 -0.0451001 -0.045104 1.28281e-05 1.51074e-06 3.54154e-06 
216 -0.0444458 -0.044529 -0.0445328 1.24566e-05 1.68905e-06 3.45236e-06 
217 -0.0439197 -0.0439671 -0.043971 1.21082e-05 1.82919e-06 3.36624e-06 
218 -0.0433891 -0.0434142 -0.0434182 1.17492e-05 1.73487e-06 3.28285e-06 
219 -0.0428923 -0.0428702 -0.0428744 1.142e-05 1.79938e-06 3.20063e-06 
220 -0.0423684 -0.0423348 -0.0423393 1.10852e-05 1.69354e-06 3.12162e-06 
221 -0.041778 -0.0418079 -0.0418127 1.07826e-05 1.50548e-06 3.04496e-06 
222 -0.041213 -0.0412894 -0.0412945 1.0467e-05 1.18383e-06 2.97013e-06 
223 -0.0406575 -0.0407791 -0.0407845 1.01815e-05 1.0174e-06 2.89667e-06 
224 -0.0401654 -0.0402768 -0.0402825 9.89908e-06 8.20159e-07 2.82509e-06 
225 -0.0397071 -0.0397824 -0.0397884 9.6232e-06 4.66016e-07 2.75639e-06 
226 -0.0392421 -0.0392958 -0.0393021 9.36138e-06 7.37987e-08 2.68789e-06 
227 -0.0387774 -0.0388168 -0.0388234 9.10507e-06 -4.6191e-07 2.62046e-06 
228 -0.0383242 -0.0383452 -0.0383522 8.86535e-06 -9.12794e-07 2.55627e-06 
229 -0.0378938 -0.0378811 -0.0378883 8.62299e-06 -1.57403e-06 2.49264e-06 
230 -0.0374536 -0.0374242 -0.0374316 8.39086e-06 -2.14442e-06 2.43014e-06 
231 -0.0370111 -0.0369744 -0.036982 8.15895e-06 -2.72039e-06 2.3686e-06 
232 -0.0365343 -0.0365315 -0.0365393 7.9445e-06 -3.21092e-06 2.30843e-06 
233 -0.0360686 -0.0360956 -0.0361035 7.72288e-06 -3.9326e-06 2.24955e-06 
234 -0.0356113 -0.0356664 -0.0356745 7.5176e-06 -4.42986e-06 2.1919e-06 
235 -0.0351714 -0.0352439 -0.035252 7.30645e-06 -4.96894e-06 2.13488e-06 
236 -0.0347378 -0.0348279 -0.034836 7.12191e-06 -5.5641e-06 2.07963e-06 
237 -0.0343088 -0.0344183 -0.0344265 6.93172e-06 -5.92823e-06 2.02552e-06 
238 -0.0338914 -0.034015 -0.0340232 6.74822e-06 -6.3166e-06 1.97184e-06 
239 -0.0334878 -0.0336179 -0.0336261 6.57583e-06 -6.51323e-06 1.91956e-06 
240 -0.0330986 -0.033227 -0.0332351 6.38154e-06 -6.62952e-06 1.86868e-06 
241 -0.0327186 -0.032842 -0.03285 6.22183e-06 -6.49817e-06 1.8201e-06 
242 -0.0323457 -0.0324629 -0.0324708 6.05408e-06 -6.44448e-06 1.77116e-06 
243 -0.0319783 -0.0320895 -0.0320974 5.89151e-06 -6.16103e-06 1.72442e-06 
244 -0.0316152 -0.0317219 -0.0317296 5.73915e-06 -5.89846e-06 1.67877e-06 
245 -0.0312557 -0.0313598 -0.0313674 5.58817e-06 -5.66337e-06 1.63552e-06 
246 -0.0308999 -0.0310032 -0.0310107 5.44868e-06 -5.51128e-06 1.59247e-06 
247 -0.0305478 -0.030652 -0.0306594 5.3141e-06 -5.40687e-06 1.55101e-06 
248 -0.0301989 -0.0303061 -0.0303134 5.16992e-06 -5.22042e-06 1.51029e-06 
249 -0.0298536 -0.0299654 -0.0299725 5.0418e-06 -5.03933e-06 1.47169e-06 
250 -0.0295127 -0.0296298 -0.0296367 4.91096e-06 -4.76677e-06 1.43374e-06 
251 -0.0291772 -0.0292991 -0.0293059 4.778e-06 -4.51866e-06 1.39688e-06 
252 -0.028848 -0.0289734 -0.02898 4.65892e-06 -4.0972e-06 1.361e-06 
253 -0.0285297 -0.0286526 -0.028659 4.52895e-06 -3.89027e-06 1.32661e-06 
254 -0.0282242 -0.0283364 -0.0283427 4.4112e-06 -3.79238e-06 1.29318e-06 
255 -0.0279304 -0.028025 -0.0280311 4.30892e-06 -3.70194e-06 1.26059e-06 
256 -0.027643 -0.0277181 -0.027724 4.19524e-06 -3.66634e-06 1.2287e-06 
257 -0.0273589 -0.0274156 -0.0274215 4.09637e-06 -3.85379e-06 1.19857e-06 
258 -0.0270795 -0.0271176 -0.0271234 3.99852e-06 -3.84694e-06 1.16833e-06 
259 -0.0268161 -0.026824 -0.0268296 3.90364e-06 -3.82821e-06 1.13914e-06 
260 -0.0265574 -0.0265345 -0.02654 3.79724e-06 -3.68009e-06 1.11081e-06 
261 -0.0263068 -0.0262493 -0.0262546 3.6898e-06 -3.54084e-06 1.0833e-06 
262 -0.0260195 -0.0259681 -0.0259733 3.58131e-06 -3.27891e-06 1.05643e-06 
263 -0.0257276 -0.0256909 -0.025696 3.48573e-06 -3.06024e-06 1.03087e-06 
264 -0.0254242 -0.0254178 -0.0254226 3.39678e-06 -2.80743e-06 1.00542e-06 
265 -0.0251298 -0.0251484 -0.0251532 3.29972e-06 -2.82061e-06 9.81365e-07 
266 -0.024854 -0.0248829 -0.0248876 3.22456e-06 -2.95164e-06 9.57473e-07 
267 -0.0245693 -0.0246212 -0.0246258 3.14501e-06 -3.24994e-06 9.34218e-07 
268 -0.0242892 -0.0243631 -0.0243677 3.06356e-06 -3.65934e-06 9.11766e-07 
269 -0.0239982 -0.0241087 -0.0241132 2.98749e-06 -3.99129e-06 8.8946e-07 
270 -0.0237483 -0.0238578 -0.0238622 2.90746e-06 -4.04417e-06 8.67733e-07 
271 -0.0235463 -0.0236103 -0.0236147 2.81212e-06 -4.05562e-06 8.46585e-07 
272 -0.0233452 -0.0233663 -0.0233705 2.7179e-06 -3.71675e-06 8.25881e-07 
273 -0.023166 -0.0231257 -0.0231297 2.61051e-06 -3.29596e-06 8.05898e-07 
274 -0.0229484 -0.0228884 -0.0228922 2.52432e-06 -2.84515e-06 7.86559e-07 
275 -0.0226844 -0.0226543 -0.022658 2.4358e-06 -2.50034e-06 7.67758e-07 
276 -0.022409 -0.0224234 -0.022427 2.36873e-06 -2.35052e-06 7.50122e-07 
277 -0.0221608 -0.0221957 -0.0221993 2.29633e-06 -2.42175e-06 7.32579e-07 
278 -0.0219012 -0.021971 -0.0219746 2.25656e-06 -2.69555e-06 7.15821e-07 
279 -0.0216339 -0.0217494 -0.021753 2.20695e-06 -2.88958e-06 6.99005e-07 
280 -0.0214575 -0.0215307 -0.0215344 2.16439e-06 -3.10623e-06 6.82598e-07 
281 -0.0212987 -0.021315 -0.0213187 2.1105e-06 -3.03421e-06 6.66867e-07 
282 -0.0211685 -0.0211022 -0.0211057 2.06222e-06 -2.68283e-06 6.51181e-07 
283 -0.0209431 -0.0208922 -0.0208956 1.98935e-06 -2.03366e-06 6.36371e-07 
284 -0.0206777 -0.0206849 -0.0206881 1.93128e-06 -1.23728e-06 6.21873e-07 
285 -0.0204471 -0.0204804 -0.0204834 1.86412e-06 -5.0624e-07 6.08393e-07 
286 -0.0201979 -0.0202786 -0.0202814 1.81944e-06 5.98772e-08 5.94965e-07 
287 -0.0199732 -0.0200795 -0.0200821 1.78937e-06 1.90612e-07 5.82507e-07 
288 -0.0198463 -0.0198829 -0.0198856 1.79384e-06 -1.32682e-07 5.70002e-07 
289 -0.0197427 -0.0196889 -0.0196916 1.79963e-06 -9.10419e-07 5.58255e-07 
290 -0.0195528 -0.0194975 -0.0195003 1.81638e-06 -1.87074e-06 5.46092e-07 
291 -0.0193003 -0.0193085 -0.0193114 1.82912e-06 -2.76103e-06 5.34049e-07 
292 -0.0190763 -0.0191219 -0.0191249 1.84005e-06 -3.33924e-06 5.21781e-07 
293 -0.0188317 -0.0189377 -0.0189406 1.8227e-06 -3.44176e-06 5.09847e-07 
294 -0.018692 -0.0187559 -0.0187587 1.79105e-06 -2.90767e-06 4.98027e-07 
295 -0.018599 -0.0185764 -0.0185789 1.74171e-06 -1.97408e-06 4.86547e-07 
296 -0.0184664 -0.0183991 -0.0184014 1.68842e-06 -7.75663e-07 4.75909e-07 
297 -0.0182207 -0.0182242 -0.0182261 1.64256e-06 4.41301e-07 4.6584e-07 
298 -0.0180068 -0.0180514 -0.0180531 1.6146e-06 1.14372e-06 4.56492e-07 
299 -0.0177701 -0.0178808 -0.0178824 1.60739e-06 1.29712e-06 4.47471e-07 
300 -0.017667 -0.0177123 -0.017714 1.62583e-06 8.7935e-07 4.38669e-07 
