1 -1.97635 0.345939 2.67303 -0.988246 0.519302 -1.5698 
2 -2.21338 -0.512934 1.27542 -1.33027 -0.504734 -1.72844 
3 -2.25426 -1.4081 -0.843966 -1.2863 -0.958819 -1.44977 
4 -2.22613 -1.94268 -2.06483 -1.09208 -1.04653 -1.08734 
5 -2.16862 -2.14032 -2.52992 -0.871362 -0.920681 -0.82392 
6 -2.09814 -2.15908 -2.60811 -0.684025 -0.751772 -0.633395 
7 -2.02247 -2.10044 -2.51889 -0.539333 -0.603528 -0.494251 
8 -1.94561 -2.01331 -2.3768 -0.429026 -0.48314 -0.391836 
9 -1.86971 -1.91963 -2.22734 -0.344709 -0.388177 -0.314978 
10 -1.79592 -1.82798 -2.08589 -0.279644 -0.313789 -0.256213 
11 -1.72484 -1.74135 -1.95697 -0.228825 -0.255269 -0.210555 
12 -1.65675 -1.66056 -1.84092 -0.18867 -0.20891 -0.174576 
13 -1.59176 -1.58556 -1.7367 -0.156606 -0.17191 -0.145875 
14 -1.52986 -1.51598 -1.64293 -0.130763 -0.14216 -0.122733 
15 -1.47098 -1.45133 -1.55825 -0.109758 -0.118076 -0.103897 
16 -1.415 -1.39116 -1.48142 -0.0925589 -0.0984535 -0.0884372 
17 -1.36182 -1.33501 -1.4114 -0.0783818 -0.0823746 -0.0756534 
18 -1.31127 -1.28248 -1.34729 -0.0666257 -0.0691299 -0.0650112 
19 -1.26324 -1.23324 -1.28832 -0.0568245 -0.0581673 -0.0560981 
20 -1.21758 -1.18696 -1.23387 -0.048613 -0.0490545 -0.0485917 
21 -1.17414 -1.14338 -1.18339 -0.0417026 -0.0414492 -0.0422381 
22 -1.1328 -1.10225 -1.13644 -0.0358634 -0.0350792 -0.036835 
23 -1.09345 -1.06337 -1.09261 -0.030911 -0.0297267 -0.0322205 
24 -1.05594 -1.02655 -1.05159 -0.0266961 -0.0252156 -0.028264 
25 -1.02019 -0.991627 -1.01309 -0.0230977 -0.0214029 -0.0248589 
26 -0.98609 -0.958458 -0.976872 -0.0200165 -0.0181733 -0.0219182 
27 -0.953549 -0.926911 -0.942713 -0.0173711 -0.0154312 -0.0193705 
28 -0.922468 -0.896871 -0.910435 -0.0150941 -0.013098 -0.0171565 
29 -0.892765 -0.868232 -0.879875 -0.0131297 -0.0111098 -0.0152271 
30 -0.86437 -0.840901 -0.850892 -0.0114313 -0.00941255 -0.0135411 
31 -0.837206 -0.814791 -0.823361 -0.00995989 -0.00796189 -0.012064 
32 -0.811198 -0.789826 -0.797171 -0.00868278 -0.00672035 -0.010767 
33 -0.786293 -0.765934 -0.772222 -0.00757239 -0.00565727 -0.00962538 
34 -0.762413 -0.743052 -0.748427 -0.00660545 -0.00474532 -0.00861848 
35 -0.739522 -0.721119 -0.725705 -0.00576214 -0.00396321 -0.00772848 
36 -0.717569 -0.700081 -0.703984 -0.00502568 -0.00329165 -0.00694036 
37 -0.696487 -0.679888 -0.6832 -0.0043817 -0.00271463 -0.00624105 
38 -0.676248 -0.660494 -0.663294 -0.00381793 -0.00221889 -0.0056195 
39 -0.656808 -0.641856 -0.644212 -0.00332388 -0.00179328 -0.00506617 
40 -0.638111 -0.623934 -0.625905 -0.00289049 -0.00142736 -0.00457268 
41 -0.620141 -0.60669 -0.608328 -0.00250999 -0.00111327 -0.00413185 
42 -0.602842 -0.590091 -0.591441 -0.00217571 -0.000843857 -0.00373759 
43 -0.586184 -0.574105 -0.575204 -0.00188179 -0.000613049 -0.00338426 
44 -0.57016 -0.5587 -0.559583 -0.00162327 -0.000415791 -0.00306734 
45 -0.554704 -0.54385 -0.544545 -0.00139575 -0.000247191 -0.00278263 
46 -0.539815 -0.529528 -0.53006 -0.00119547 -0.000103531 -0.0025265 
47 -0.525462 -0.515708 -0.5161 -0.00101913 1.82897e-05 -0.00229587 
48 -0.511625 -0.502368 -0.502639 -0.000863819 0.000121126 -0.00208796 
49 -0.498253 -0.489487 -0.489653 -0.000727071 0.000208254 -0.00190033 
50 -0.485366 -0.477042 -0.477118 -0.000606651 0.000280957 -0.00173073 
51 -0.47291 -0.465016 -0.465014 -0.000500654 0.000342075 -0.00157733 
52 -0.460876 -0.453388 -0.45332 -0.000407368 0.000392512 -0.00143846 
53 -0.449251 -0.442143 -0.442018 -0.000325295 0.000434416 -0.00131253 
54 -0.438 -0.431264 -0.431089 -0.000253163 0.00046841 -0.00119831 
55 -0.427131 -0.420735 -0.420517 -0.000189774 0.000497066 -0.00109459 
56 -0.416617 -0.410541 -0.410287 -0.000134156 0.000519711 -0.00100032 
57 -0.40645 -0.400668 -0.400382 -8.53656e-05 0.000538162 -0.000914532 
58 -0.396595 -0.391103 -0.390789 -4.26232e-05 0.000553132 -0.000836417 
59 -0.387057 -0.381833 -0.381495 -5.23735e-06 0.000564747 -0.000765226 
60 -0.377819 -0.372845 -0.372487 2.74194e-05 0.000573798 -0.000700226 
61 -0.368873 -0.36413 -0.363752 5.59064e-05 0.000581447 -0.00064089 
62 -0.360195 -0.355675 -0.355279 8.07239e-05 0.000586943 -0.000586656 
63 -0.351775 -0.347469 -0.347058 0.000102272 0.000591806 -0.000537016 
64 -0.34363 -0.339504 -0.339078 0.000120951 0.000595723 -0.000491612 
65 -0.335705 -0.331769 -0.331329 0.000137116 0.00059888 -0.000449973 
66 -0.328022 -0.324255 -0.323802 0.000151037 0.000601442 -0.000411777 
67 -0.320575 -0.316954 -0.316489 0.000162996 0.000603681 -0.000376705 
68 -0.313333 -0.309858 -0.309382 0.000173209 0.000605395 -0.000344497 
69 -0.306295 -0.30296 -0.302473 0.00018186 0.0006061 -0.000314931 
70 -0.299456 -0.296253 -0.295757 0.000189092 0.000605465 -0.000287714 
71 -0.292803 -0.28973 -0.289228 0.00019508 0.000603512 -0.000262743 
72 -0.286323 -0.283385 -0.282881 0.000199884 0.000598177 -0.000239769 
73 -0.280032 -0.277215 -0.276712 0.000203592 0.000589778 -0.00021871 
74 -0.273918 -0.271215 -0.270719 0.000206243 0.000576434 -0.000199418 
75 -0.267936 -0.265382 -0.2649 0.00020783 0.000557719 -0.000181802 
76 -0.262144 -0.259712 -0.259254 0.000208376 0.000531642 -0.00016581 
77 -0.256471 -0.254206 -0.253781 0.000207804 0.000496887 -0.000151343 
78 -0.250959 -0.248861 -0.248481 0.000206057 0.000452298 -0.0001384 
79 -0.245594 -0.243677 -0.243356 0.000203069 0.000396472 -0.000126924 
80 -0.240347 -0.238655 -0.238407 0.000198754 0.000328854 -0.000116903 
81 -0.235242 -0.233796 -0.233635 0.000193028 0.000249093 -0.000108322 
82 -0.230272 -0.2291 -0.229041 0.000185809 0.000157135 -0.000101171 
83 -0.225439 -0.224567 -0.224624 0.000177005 5.40977e-05 -9.54208e-05 
84 -0.220748 -0.220199 -0.220383 0.000166623 -5.84993e-05 -9.10686e-05 
85 -0.2162 -0.215996 -0.216314 0.000154647 -0.000177756 -8.80397e-05 
86 -0.211806 -0.211956 -0.212413 0.000141135 -0.000300564 -8.62822e-05 
87 -0.207569 -0.208079 -0.208674 0.000126217 -0.000422523 -8.57087e-05 
88 -0.203482 -0.20436 -0.205088 0.000110043 -0.00053904 -8.62108e-05 
89 -0.199596 -0.200798 -0.201646 9.28821e-05 -0.000645309 -8.76586e-05 
90 -0.195911 -0.197387 -0.198338 7.50055e-05 -0.000736278 -8.98578e-05 
91 -0.1924 -0.194122 -0.195151 5.67956e-05 -0.000807768 -9.26322e-05 
92 -0.189138 -0.190996 -0.192077 3.86193e-05 -0.000855693 -9.57823e-05 
93 -0.186055 -0.188003 -0.189105 2.09086e-05 -0.000876918 -9.90992e-05 
94 -0.183222 -0.185136 -0.186224 4.07431e-06 -0.000870076 -0.000102357 
95 -0.18057 -0.182386 -0.183429 -1.14648e-05 -0.000834932 -0.000105357 
96 -0.178119 -0.179746 -0.180712 -2.53651e-05 -0.00077281 -0.000107894 
97 -0.175868 -0.177207 -0.178068 -3.72972e-05 -0.000685975 -0.000109796 
98 -0.173753 -0.174762 -0.175494 -4.70291e-05 -0.000578109 -0.000110947 
99 -0.171764 -0.172402 -0.172986 -5.43879e-05 -0.000454096 -0.000111224 
100 -0.169879 -0.17012 -0.170544 -5.92876e-05 -0.000319121 -0.000110567 
101 -0.168076 -0.167905 -0.168164 -6.17479e-05 -0.000178502 -0.000108954 
102 -0.166326 -0.165751 -0.165845 -6.18625e-05 -3.76366e-05 -0.000106406 
103 -0.1646 -0.163648 -0.163584 -5.97804e-05 9.79533e-05 -0.00010296 
104 -0.162877 -0.161588 -0.161378 -5.57225e-05 0.000224589 -9.86967e-05 
105 -0.16114 -0.159564 -0.159222 -4.99636e-05 0.000338406 -9.37213e-05 
106 -0.159377 -0.157567 -0.157111 -4.27949e-05 0.000437018 -8.81532e-05 
107 -0.157585 -0.155589 -0.155041 -3.45323e-05 0.000518674 -8.21224e-05 
108 -0.155757 -0.153625 -0.153004 -2.54697e-05 0.00058271 -7.57572e-05 
109 -0.153889 -0.151668 -0.150995 -1.59313e-05 0.00062937 -6.91894e-05 
110 -0.151972 -0.149714 -0.149008 -6.16332e-06 0.000659261 -6.25452e-05 
111 -0.149992 -0.147757 -0.147036 3.55146e-06 0.000674133 -5.59284e-05 
112 -0.147995 -0.145795 -0.145074 1.30378e-05 0.000675377 -4.94426e-05 
113 -0.145973 -0.143826 -0.143118 2.21052e-05 0.000665201 -4.31782e-05 
114 -0.143888 -0.141849 -0.141164 3.06136e-05 0.000645528 -3.71862e-05 
115 -0.141802 -0.139862 -0.139209 3.84608e-05 0.000618227 -3.15263e-05 
116 -0.1397 -0.137867 -0.137252 4.56034e-05 0.00058564 -2.62415e-05 
117 -0.137564 -0.135865 -0.135292 5.19695e-05 0.00054905 -2.13534e-05 
118 -0.135448 -0.133857 -0.133328 5.75637e-05 0.000510087 -1.68577e-05 
119 -0.133295 -0.131846 -0.131362 6.23815e-05 0.000470217 -1.27712e-05 
120 -0.131174 -0.129833 -0.129395 6.64593e-05 0.00043027 -9.07878e-06 
121 -0.129034 -0.127823 -0.127427 6.98252e-05 0.000391319 -5.78511e-06 
122 -0.126914 -0.125816 -0.125462 7.25168e-05 0.000353646 -2.84721e-06 
123 -0.124821 -0.123816 -0.123502 7.46001e-05 0.000317921 -2.60615e-07 
124 -0.122718 -0.121826 -0.121548 7.61245e-05 0.000284563 2.00593e-06 
125 -0.120654 -0.119848 -0.119605 7.71283e-05 0.000253545 3.97651e-06 
126 -0.118619 -0.117885 -0.117672 7.76907e-05 0.000225025 5.67238e-06 
127 -0.116582 -0.115939 -0.115754 7.78492e-05 0.000199048 7.1162e-06 
128 -0.114577 -0.114012 -0.113853 7.76674e-05 0.000175692 8.34512e-06 
129 -0.112619 -0.112107 -0.111969 7.71699e-05 0.000154481 9.37243e-06 
130 -0.110692 -0.110223 -0.110106 7.64222e-05 0.000135617 1.02204e-05 
131 -0.108772 -0.108364 -0.108264 7.54521e-05 0.000118759 1.09092e-05 
132 -0.106883 -0.10653 -0.106446 7.42934e-05 0.000103824 1.14576e-05 
133 -0.105031 -0.104723 -0.104652 7.29762e-05 9.05978e-05 1.18879e-05 
134 -0.103207 -0.102943 -0.102883 7.15491e-05 7.89675e-05 1.22116e-05 
135 -0.10142 -0.101191 -0.101142 7.00175e-05 6.87358e-05 1.24354e-05 
136 -0.0996678 -0.0994668 -0.0994267 6.8407e-05 5.98069e-05 1.25821e-05 
137 -0.0979471 -0.097772 -0.0977395 6.67366e-05 5.17036e-05 1.26612e-05 
138 -0.0962577 -0.0961064 -0.0960805 6.50304e-05 4.47779e-05 1.26791e-05 
139 -0.0945988 -0.0944703 -0.0944499 6.33047e-05 3.88262e-05 1.26422e-05 
140 -0.0929711 -0.0928636 -0.092848 6.15556e-05 3.35558e-05 1.25618e-05 
141 -0.091375 -0.0912863 -0.0912748 5.98023e-05 2.88649e-05 1.24476e-05 
142 -0.0898132 -0.0897384 -0.0897303 5.80627e-05 2.47622e-05 1.23017e-05 
143 -0.0882874 -0.0882197 -0.0882144 5.63378e-05 2.13448e-05 1.21296e-05 
144 -0.0867879 -0.0867299 -0.086727 5.46314e-05 1.83085e-05 1.19354e-05 
145 -0.0853242 -0.0852688 -0.085268 5.29456e-05 1.549e-05 1.17241e-05 
146 -0.0838904 -0.0838362 -0.0838369 5.12909e-05 1.3236e-05 1.14976e-05 
147 -0.0824621 -0.0824315 -0.0824337 4.9665e-05 1.12479e-05 1.12612e-05 
148 -0.0810649 -0.0810545 -0.0810578 4.80867e-05 9.48852e-06 1.10142e-05 
149 -0.0797161 -0.0797048 -0.0797089 4.65335e-05 7.95122e-06 1.07641e-05 
150 -0.0783968 -0.0783819 -0.0783867 4.50238e-05 6.72138e-06 1.05089e-05 
151 -0.0770997 -0.0770854 -0.0770907 4.3555e-05 5.76908e-06 1.02498e-05 
152 -0.0758023 -0.0758148 -0.0758205 4.21185e-05 4.7655e-06 9.991e-06 
153 -0.0745604 -0.0745696 -0.0745756 4.07259e-05 4.12385e-06 9.73072e-06 
154 -0.0733543 -0.0733495 -0.0733556 3.93777e-05 3.49737e-06 9.47438e-06 
155 -0.0721351 -0.0721538 -0.0721601 3.80712e-05 3.0391e-06 9.21923e-06 
156 -0.0709623 -0.0709822 -0.0709885 3.68086e-05 2.5418e-06 8.96609e-06 
157 -0.069831 -0.0698341 -0.0698404 3.55754e-05 2.18712e-06 8.71823e-06 
158 -0.0686767 -0.0687091 -0.0687153 3.43825e-05 1.86239e-06 8.47192e-06 
159 -0.0675832 -0.0676067 -0.0676128 3.32426e-05 1.66053e-06 8.23286e-06 
160 -0.0665054 -0.0665264 -0.0665324 3.21245e-05 1.34409e-06 7.99664e-06 
161 -0.065435 -0.0654677 -0.0654736 3.10517e-05 1.12159e-06 7.76687e-06 
162 -0.0644182 -0.0644302 -0.064436 3.00099e-05 9.00584e-07 7.54146e-06 
163 -0.0633707 -0.0634135 -0.0634191 2.90114e-05 7.81813e-07 7.3208e-06 
164 -0.0624001 -0.062417 -0.0624225 2.80403e-05 5.79566e-07 7.1042e-06 
165 -0.0613948 -0.0614404 -0.0614457 2.71005e-05 3.58645e-07 6.89613e-06 
166 -0.0604636 -0.0604831 -0.0604883 2.61966e-05 1.53591e-07 6.69141e-06 
167 -0.0594976 -0.0595449 -0.0595499 2.533e-05 4.24065e-08 6.49129e-06 
168 -0.0586072 -0.0586252 -0.0586301 2.4484e-05 1.51997e-08 6.29656e-06 
169 -0.0576785 -0.0577236 -0.0577285 2.3668e-05 -1.35113e-07 6.10766e-06 
170 -0.0568161 -0.0568399 -0.0568446 2.28838e-05 -3.01764e-07 5.92546e-06 
171 -0.0559335 -0.0559734 -0.0559781 2.21304e-05 -3.89487e-07 5.74612e-06 
172 -0.0550839 -0.055124 -0.0551286 2.1401e-05 -4.24603e-07 5.57179e-06 
173 -0.0542613 -0.0542912 -0.0542957 2.06946e-05 -5.7227e-07 5.40301e-06 
174 -0.0534234 -0.0534746 -0.0534791 2.00118e-05 -7.78469e-07 5.23968e-06 
175 -0.0526467 -0.0526738 -0.0526784 1.93568e-05 -8.86981e-07 5.08059e-06 
176 -0.0518501 -0.0518886 -0.0518933 1.87262e-05 -1.01659e-06 4.92628e-06 
177 -0.0510659 -0.0511186 -0.0511233 1.81113e-05 -1.16696e-06 4.77551e-06 
178 -0.0503378 -0.0503635 -0.0503682 1.75201e-05 -1.34225e-06 4.62968e-06 
179 -0.0495841 -0.0496229 -0.0496276 1.69463e-05 -1.50068e-06 4.48827e-06 
180 -0.0488425 -0.0488965 -0.0489012 1.6403e-05 -1.67447e-06 4.35032e-06 
181 -0.0481477 -0.0481839 -0.0481887 1.58664e-05 -1.96103e-06 4.21717e-06 
182 -0.0474546 -0.0474849 -0.0474897 1.53512e-05 -2.11955e-06 4.08724e-06 
183 -0.0467552 -0.0467992 -0.0468039 1.48504e-05 -2.18799e-06 3.96108e-06 
184 -0.0460739 -0.0461265 -0.0461311 1.43706e-05 -2.28253e-06 3.8403e-06 
185 -0.0454359 -0.0454664 -0.0454709 1.3912e-05 -2.22496e-06 3.72186e-06 
186 -0.0447904 -0.0448187 -0.044823 1.34654e-05 -2.01949e-06 3.60725e-06 
187 -0.0441411 -0.0441831 -0.0441872 1.30299e-05 -1.85622e-06 3.49673e-06 
188 -0.0435074 -0.0435593 -0.0435631 1.26185e-05 -1.61093e-06 3.39092e-06 
189 -0.0429039 -0.042947 -0.0429505 1.22146e-05 -1.29734e-06 3.28765e-06 
190 -0.0423221 -0.0423459 -0.0423491 1.1831e-05 -9.77211e-07 3.18937e-06 
191 -0.0417355 -0.0417559 -0.0417586 1.14585e-05 -7.00896e-07 3.09416e-06 
192 -0.0411449 -0.0411766 -0.0411789 1.11049e-05 -4.57016e-07 3.00262e-06 
193 -0.0405715 -0.0406077 -0.0406095 1.07626e-05 -7.26349e-08 2.91406e-06 
194 -0.0400046 -0.0400491 -0.0400504 1.04285e-05 2.65951e-07 2.82974e-06 
195 -0.0394585 -0.0395005 -0.0395013 1.01131e-05 6.57001e-07 2.74893e-06 
196 -0.0389309 -0.0389615 -0.0389618 9.81067e-06 1.09466e-06 2.67081e-06 
197 -0.0384132 -0.0384321 -0.038432 9.51287e-06 1.56814e-06 2.59626e-06 
198 -0.0379042 -0.037912 -0.0379114 9.2316e-06 1.87897e-06 2.52389e-06 
199 -0.0373944 -0.0374009 -0.0373999 8.95751e-06 2.15628e-06 2.45469e-06 
200 -0.0368866 -0.0368987 -0.0368973 8.69748e-06 2.28043e-06 2.38831e-06
