1 -1.99448 0.355876 2.70714 -0.98884 0.525883 -1.58627 
2 -2.23368 -0.496374 1.32863 -1.33578 -0.493276 -1.75038 
3 -2.27493 -1.39716 -0.802481 -1.29695 -0.957249 -1.47155 
4 -2.24654 -1.94221 -2.0475 -1.10474 -1.05323 -1.10501 
5 -2.18851 -2.14832 -2.53166 -0.883407 -0.930565 -0.837964 
6 -2.11738 -2.17193 -2.62081 -0.694335 -0.761518 -0.644549 
7 -2.04101 -2.11551 -2.53642 -0.547861 -0.612126 -0.5031 
8 -1.96345 -2.0291 -2.39582 -0.436009 -0.490394 -0.39892 
9 -1.88686 -1.93539 -2.24634 -0.350423 -0.394183 -0.320711 
10 -1.81239 -1.84337 -2.10426 -0.284342 -0.318737 -0.260901 
11 -1.74065 -1.75624 -1.97448 -0.232709 -0.259348 -0.214424 
12 -1.67194 -1.67489 -1.85753 -0.1919 -0.212282 -0.177796 
13 -1.60636 -1.59933 -1.75242 -0.159308 -0.174707 -0.148573 
14 -1.54389 -1.52919 -1.65782 -0.133034 -0.144486 -0.125009 
15 -1.48447 -1.46402 -1.57236 -0.111676 -0.120017 -0.105829 
16 -1.42799 -1.40334 -1.49482 -0.0941844 -0.100078 -0.0900848 
17 -1.37432 -1.34672 -1.42415 -0.0797649 -0.0837379 -0.0770655 
18 -1.32331 -1.29375 -1.35943 -0.0678066 -0.0702762 -0.066227 
19 -1.27482 -1.24409 -1.29992 -0.0578357 -0.0591335 -0.0571489 
20 -1.22875 -1.19741 -1.24495 -0.0494813 -0.0498694 -0.0495034 
21 -1.18492 -1.15345 -1.19401 -0.0424501 -0.0421372 -0.0430318 
22 -1.14319 -1.11197 -1.14662 -0.0365083 -0.0356609 -0.0375281 
23 -1.10347 -1.07275 -1.10239 -0.0314685 -0.0302187 -0.0328276 
24 -1.06563 -1.03562 -1.06099 -0.027179 -0.0256315 -0.0287971 
25 -1.02955 -1.00039 -1.02214 -0.0235166 -0.0217552 -0.0253282 
26 -0.99513 -0.966938 -0.985591 -0.0203804 -0.0184714 -0.0223324 
27 -0.962289 -0.935118 -0.951123 -0.0176877 -0.0156836 -0.0197369 
28 -0.93092 -0.904818 -0.918553 -0.0153699 -0.013312 -0.0174813 
29 -0.900959 -0.875932 -0.887719 -0.0133701 -0.0112908 -0.0155155 
30 -0.872291 -0.848364 -0.858477 -0.011641 -0.00956559 -0.0137977 
31 -0.844879 -0.822028 -0.8307 -0.010143 -0.00809083 -0.0122928 
32 -0.818628 -0.796847 -0.804277 -0.00884272 -0.00682861 -0.0109713 
33 -0.793517 -0.772748 -0.779107 -0.00771215 -0.00574721 -0.00980811 
34 -0.769404 -0.749668 -0.755101 -0.00672756 -0.00481984 -0.00878212 
35 -0.746295 -0.727544 -0.732178 -0.00586883 -0.00402404 -0.00787527 
36 -0.724137 -0.706324 -0.710266 -0.00511886 -0.00334074 -0.00707215 
37 -0.702896 -0.685956 -0.689298 -0.00446303 -0.00275386 -0.00635956 
38 -0.68245 -0.666393 -0.669217 -0.00388888 -0.00224973 -0.00572618 
39 -0.66285 -0.647593 -0.649967 -0.0033857 -0.00181674 -0.00516223 
40 -0.643972 -0.629514 -0.631499 -0.0029443 -0.00144497 -0.00465928 
41 -0.625821 -0.612121 -0.613768 -0.00255677 -0.00112602 -0.00421004 
42 -0.608375 -0.595377 -0.596732 -0.00221628 -0.000852665 -0.00380817 
43 -0.591586 -0.57925 -0.580352 -0.00191694 -0.000618639 -0.00344816 
44 -0.575381 -0.563711 -0.564594 -0.00165362 -0.000418597 -0.0031252 
45 -0.559806 -0.548731 -0.549424 -0.00142189 -0.000247881 -0.0028351 
46 -0.54476 -0.534283 -0.534812 -0.00121791 -0.000102551 -0.00257419 
47 -0.530293 -0.520342 -0.520729 -0.00103829 2.09208e-05 -0.00233924 
48 -0.516335 -0.506885 -0.50715 -0.000880122 0.000125503 -0.00212742 
49 -0.502849 -0.49389 -0.494049 -0.000740833 0.000213828 -0.00193624 
50 -0.489836 -0.481336 -0.481404 -0.000618176 0.000288134 -0.00176348 
51 -0.477261 -0.469204 -0.469194 -0.000510196 0.000350383 -0.00160722 
52 -0.4651 -0.457474 -0.457397 -0.000415169 0.000402316 -0.00146572 
53 -0.45335 -0.44613 -0.445994 -0.000331574 0.000445414 -0.00133746 
54 -0.442043 -0.435154 -0.434969 -0.000258083 0.00048105 -0.00122109 
55 -0.431032 -0.424532 -0.424304 -0.000193519 0.000510381 -0.0011154 
56 -0.420456 -0.414248 -0.413983 -0.000136847 0.000534432 -0.00101931 
57 -0.410173 -0.404287 -0.403991 -8.715e-05 0.00055413 -0.000931875 
58 -0.400218 -0.394637 -0.394313 -4.36239e-05 0.000570277 -0.000852232 
59 -0.390612 -0.385285 -0.384936 -5.5482e-06 0.00058349 -0.000779616 
60 -0.381297 -0.376218 -0.375848 2.77073e-05 0.000594373 -0.000713345 
61 -0.372271 -0.367425 -0.367036 5.67088e-05 0.000603296 -0.000652807 
62 -0.363514 -0.358894 -0.358488 8.19542e-05 0.000610568 -0.000597452 
63 -0.355017 -0.350615 -0.350193 0.000103887 0.000616366 -0.000546791 
64 -0.346774 -0.342579 -0.342142 0.000122898 0.000620824 -0.000500388 
65 -0.338769 -0.334774 -0.334324 0.00013934 0.000623959 -0.000457855 
66 -0.331032 -0.327194 -0.326729 0.000153513 0.000625748 -0.000418837 
67 -0.323534 -0.319828 -0.319351 0.000165683 0.000626213 -0.000383027 
68 -0.316192 -0.312668 -0.31218 0.000176085 0.000625262 -0.000350152 
69 -0.309106 -0.305708 -0.30521 0.000184907 0.000622909 -0.000319964 
70 -0.302196 -0.298941 -0.298434 0.000192316 0.000618833 -0.000292245 
71 -0.295488 -0.292359 -0.291847 0.00019844 0.000612949 -0.0002668 
72 -0.288951 -0.285958 -0.285443 0.00020337 0.000604661 -0.000243471 
73 -0.282634 -0.279733 -0.27922 0.000207176 0.000593333 -0.000222099 
74 -0.276401 -0.27368 -0.273174 0.00020989 0.000578126 -0.000202547 
75 -0.2704 -0.267794 -0.267304 0.00021154 0.000557799 -0.000184728 
76 -0.264561 -0.262075 -0.261609 0.000212075 0.000530885 -0.000168543 
77 -0.258846 -0.25652 -0.256088 0.000211493 0.00049583 -0.000153943 
78 -0.253251 -0.251128 -0.250743 0.000209702 0.000451202 -0.000140858 
79 -0.24781 -0.2459 -0.245575 0.000206647 0.000395689 -0.000129259 
80 -0.242533 -0.240834 -0.240584 0.000202232 0.000328204 -0.000119129 
81 -0.23739 -0.235933 -0.235772 0.000196391 0.00024843 -0.000110451 
82 -0.232379 -0.231196 -0.23114 0.000188997 0.00015631 -0.000103212 
83 -0.2275 -0.226625 -0.226686 0.000180031 5.27725e-05 -9.73884e-05 
84 -0.222756 -0.22222 -0.22241 0.00016945 -6.04355e-05 -9.29617e-05 
85 -0.218156 -0.217981 -0.218308 0.000157245 -0.000180687 -8.98752e-05 
86 -0.213735 -0.213907 -0.214375 0.000143498 -0.000304497 -8.80745e-05 
87 -0.209484 -0.209996 -0.210604 0.000128319 -0.000427659 -8.74732e-05 
88 -0.205383 -0.206245 -0.206988 0.00011189 -0.000545597 -8.79573e-05 
89 -0.201431 -0.202652 -0.203516 9.44442e-05 -0.000653265 -8.93815e-05 
90 -0.19767 -0.199211 -0.200178 7.63027e-05 -0.000745608 -9.15833e-05 
91 -0.194183 -0.195917 -0.196963 5.78061e-05 -0.000817933 -9.43748e-05 
92 -0.190879 -0.192763 -0.193861 3.9365e-05 -0.000866521 -9.75462e-05 
93 -0.187749 -0.189742 -0.190861 2.13879e-05 -0.000888294 -0.000100877 
94 -0.18491 -0.186848 -0.187953 4.31828e-06 -0.000881663 -0.00010416 
95 -0.182233 -0.184071 -0.18513 -1.14571e-05 -0.000846262 -0.000107178 
96 -0.179745 -0.181405 -0.182386 -2.55561e-05 -0.000783468 -0.000109731 
97 -0.17749 -0.178842 -0.179715 -3.76612e-05 -0.000695576 -0.000111654 
98 -0.175314 -0.176372 -0.177115 -4.75322e-05 -0.00058656 -0.000112806 
99 -0.173362 -0.173988 -0.174581 -5.49981e-05 -0.000460872 -0.000113078 
100 -0.171425 -0.171682 -0.172113 -5.99931e-05 -0.000324087 -0.000112408 
101 -0.169634 -0.169444 -0.169707 -6.25038e-05 -0.000181566 -0.000110773 
102 -0.167859 -0.167268 -0.167363 -6.26322e-05 -3.88925e-05 -0.000108183 
103 -0.166104 -0.165143 -0.165078 -6.05346e-05 9.8916e-05 -0.000104686 
104 -0.16441 -0.163062 -0.162848 -5.64439e-05 0.000227352 -0.000100363 
105 -0.162604 -0.161016 -0.160669 -5.06116e-05 0.000343102 -9.53186e-05 
106 -0.160845 -0.158999 -0.158537 -4.33547e-05 0.000443271 -8.96696e-05 
107 -0.159073 -0.157001 -0.156445 -3.49793e-05 0.000526492 -8.35489e-05 
108 -0.157182 -0.155018 -0.154387 -2.58029e-05 0.00059176 -7.70875e-05 
109 -0.155271 -0.153042 -0.152358 -1.61247e-05 0.000639466 -7.04204e-05 
110 -0.153362 -0.151068 -0.150351 -6.22696e-06 0.000670277 -6.36713e-05 
111 -0.151412 -0.149093 -0.14836 3.6442e-06 0.000685626 -5.69512e-05 
112 -0.149362 -0.147113 -0.146379 1.32726e-05 0.000687262 -5.03624e-05 
113 -0.147271 -0.145126 -0.144405 2.24786e-05 0.000677219 -4.39903e-05 
114 -0.145194 -0.143131 -0.142434 3.11324e-05 0.000657438 -3.79018e-05 
115 -0.143103 -0.141127 -0.140462 3.91096e-05 0.000629965 -3.21502e-05 
116 -0.140983 -0.139115 -0.138488 4.63691e-05 0.000596766 -2.67676e-05 
117 -0.13886 -0.137095 -0.136511 5.2848e-05 0.000559745 -2.17889e-05 
118 -0.136718 -0.13507 -0.134531 5.85365e-05 0.000520267 -1.7216e-05 
119 -0.134557 -0.133041 -0.132548 6.34431e-05 0.000479717 -1.30585e-05 
120 -0.132387 -0.131011 -0.130564 6.75981e-05 0.000439088 -9.30117e-06 
121 -0.130229 -0.128983 -0.12858 7.10266e-05 0.000399361 -5.94048e-06 
122 -0.128086 -0.126959 -0.126598 7.37743e-05 0.000361135 -2.95022e-06 
123 -0.12596 -0.124942 -0.124621 7.58955e-05 0.000324855 -3.13164e-07 
124 -0.123855 -0.122935 -0.122651 7.74548e-05 0.000290904 1.998e-06 
125 -0.121773 -0.12094 -0.120691 7.84897e-05 0.000259417 4.00502e-06 
126 -0.119719 -0.11896 -0.118742 7.90767e-05 0.000230499 5.73621e-06 
127 -0.117694 -0.116997 -0.116808 7.92584e-05 0.0002041 7.21454e-06 
128 -0.11568 -0.115053 -0.11489 7.90832e-05 0.000180214 8.4682e-06 
129 -0.113682 -0.11313 -0.11299 7.861e-05 0.000158717 9.5164e-06 
130 -0.111702 -0.111231 -0.111111 7.78681e-05 0.00013946 1.0385e-05 
131 -0.109763 -0.109355 -0.109253 7.69165e-05 0.000122342 1.10923e-05 
132 -0.107847 -0.107505 -0.107419 7.57788e-05 0.000107136 1.16568e-05 
133 -0.10596 -0.105681 -0.105609 7.44871e-05 9.36307e-05 1.20976e-05 
134 -0.104157 -0.103885 -0.103825 7.30736e-05 8.16273e-05 1.24276e-05 
135 -0.1024 -0.102117 -0.102068 7.15599e-05 7.10543e-05 1.26621e-05 
136 -0.100619 -0.100378 -0.100337 6.99652e-05 6.17059e-05 1.28142e-05 
137 -0.0988535 -0.0986682 -0.0986353 6.83083e-05 5.3395e-05 1.28941e-05 
138 -0.0971132 -0.0969876 -0.0969615 6.65998e-05 4.61041e-05 1.29118e-05 
139 -0.0954675 -0.0953367 -0.0953163 6.48558e-05 3.95789e-05 1.28764e-05 
140 -0.0938788 -0.0937155 -0.0937 6.3093e-05 3.39431e-05 1.27961e-05 
141 -0.0922308 -0.0921239 -0.0921126 6.13102e-05 2.90628e-05 1.2677e-05 
142 -0.0906156 -0.090562 -0.0905541 5.95206e-05 2.47972e-05 1.25248e-05 
143 -0.089099 -0.0890295 -0.0890246 5.77278e-05 2.11846e-05 1.2347e-05 
144 -0.0876219 -0.0875262 -0.0875238 5.59527e-05 1.80848e-05 1.2148e-05 
145 -0.0860906 -0.0860519 -0.0860515 5.41988e-05 1.54764e-05 1.19307e-05 
146 -0.0846203 -0.0846062 -0.0846074 5.24734e-05 1.32777e-05 1.16995e-05 
147 -0.0832618 -0.0831887 -0.0831914 5.07763e-05 1.13923e-05 1.14576e-05 
148 -0.0818155 -0.0817992 -0.081803 4.91199e-05 9.82221e-06 1.12081e-05 
149 -0.0804276 -0.0804372 -0.0804419 4.75117e-05 8.38336e-06 1.09524e-05 
150 -0.0791502 -0.0791022 -0.0791076 4.59428e-05 7.18009e-06 1.06925e-05 
151 -0.077782 -0.0777938 -0.0777998 4.44139e-05 6.08019e-06 1.04307e-05 
152 -0.0765072 -0.0765116 -0.076518 4.29421e-05 5.07165e-06 1.01676e-05 
153 -0.0752618 -0.0752551 -0.0752618 4.15052e-05 4.22561e-06 9.90426e-06 
154 -0.0739687 -0.0740238 -0.0740307 4.0111e-05 3.46726e-06 9.64392e-06 
155 -0.0728498 -0.0728172 -0.0728242 3.87608e-05 2.77631e-06 9.38471e-06 
156 -0.071603 -0.0716348 -0.0716419 3.74611e-05 2.11877e-06 9.12735e-06 
157 -0.0704678 -0.0704762 -0.0704833 3.61929e-05 1.57899e-06 8.87352e-06 
158 -0.069321 -0.0693409 -0.0693479 3.49759e-05 1.2156e-06 8.62454e-06 
159 -0.0681881 -0.0682284 -0.0682353 3.37838e-05 8.58317e-07 8.37901e-06 
160 -0.0671231 -0.0671382 -0.067145 3.26459e-05 5.91639e-07 8.13825e-06 
161 -0.0660072 -0.0660698 -0.0660765 3.15409e-05 4.33849e-07 7.90315e-06 
162 -0.0650175 -0.0650228 -0.0650293 3.04666e-05 3.49033e-07 7.67235e-06 
163 -0.0639234 -0.0639967 -0.0640031 2.94493e-05 3.16425e-07 7.44743e-06 
164 -0.0629875 -0.0629911 -0.0629973 2.84616e-05 4.01932e-07 7.22848e-06 
165 -0.0619304 -0.0620055 -0.0620116 2.7512e-05 4.48598e-07 7.01492e-06 
166 -0.0610281 -0.0610395 -0.0610454 2.65927e-05 4.79812e-07 6.80761e-06 
167 -0.0600252 -0.0600926 -0.0600984 2.57133e-05 4.34092e-07 6.60532e-06 
168 -0.0591384 -0.0591645 -0.0591702 2.48615e-05 4.73891e-07 6.40856e-06 
169 -0.0582049 -0.0582547 -0.0582602 2.40514e-05 3.30711e-07 6.21722e-06 
170 -0.057327 -0.0573628 -0.0573682 2.32632e-05 1.75788e-07 6.03166e-06 
171 -0.0564669 -0.0564884 -0.0564938 2.24985e-05 -2.21293e-08 5.85013e-06 
172 -0.0555762 -0.0556312 -0.0556365 2.17717e-05 -2.08358e-07 5.67392e-06 
173 -0.0548009 -0.0547907 -0.054796 2.10627e-05 -5.21537e-07 5.50295e-06 
174 -0.0538792 -0.0539666 -0.0539719 2.03698e-05 -7.29938e-07 5.33647e-06 
175 -0.0531347 -0.0531585 -0.0531638 1.97106e-05 -9.50552e-07 5.17399e-06 
176 -0.0523184 -0.0523661 -0.0523714 1.90681e-05 -1.21232e-06 5.0164e-06 
177 -0.0515363 -0.0515891 -0.0515943 1.84487e-05 -1.40058e-06 4.86331e-06 
178 -0.0508361 -0.050827 -0.0508323 1.78442e-05 -1.64997e-06 4.71423e-06 
179 -0.0499924 -0.0500795 -0.0500849 1.72596e-05 -1.82437e-06 4.57041e-06 
180 -0.0493101 -0.0493465 -0.0493518 1.67024e-05 -1.92804e-06 4.42994e-06 
181 -0.048614 -0.0486274 -0.0486327 1.61658e-05 -2.10632e-06 4.29408e-06 
182 -0.0478367 -0.047922 -0.0479273 1.56411e-05 -2.2146e-06 4.16157e-06 
183 -0.0472008 -0.04723 -0.0472352 1.51327e-05 -2.28053e-06 4.03374e-06 
184 -0.0465259 -0.046551 -0.0465562 1.46397e-05 -2.25945e-06 3.90986e-06 
185 -0.0458037 -0.0458849 -0.0458899 1.41724e-05 -2.26491e-06 3.79047e-06 
186 -0.0452023 -0.0452312 -0.0452361 1.37203e-05 -2.15668e-06 3.6738e-06 
187 -0.0445743 -0.0445898 -0.0445944 1.32804e-05 -2.03936e-06 3.56173e-06 
188 -0.0438713 -0.0439602 -0.0439645 1.28558e-05 -1.89157e-06 3.45357e-06 
189 -0.0433082 -0.0433423 -0.0433463 1.24504e-05 -1.64676e-06 3.34926e-06 
190 -0.0427519 -0.0427357 -0.0427393 1.20541e-05 -1.34897e-06 3.24843e-06 
191 -0.042072 -0.0421402 -0.0421434 1.16788e-05 -9.95684e-07 3.15154e-06 
192 -0.0415062 -0.0415556 -0.0415583 1.13125e-05 -6.83274e-07 3.05845e-06 
193 -0.0409815 -0.0409815 -0.0409837 1.09653e-05 -3.0747e-07 2.96878e-06 
194 -0.0404017 -0.0404177 -0.0404194 1.06264e-05 -1.20559e-09 2.88255e-06 
195 -0.039782 -0.039864 -0.0398652 1.03092e-05 3.22972e-07 2.79992e-06 
196 -0.0392882 -0.0393202 -0.0393208 9.9977e-06 6.57945e-07 2.72004e-06 
197 -0.0388008 -0.0387859 -0.038786 9.70421e-06 1.01439e-06 2.64314e-06 
198 -0.0382455 -0.0382609 -0.0382606 9.41472e-06 1.31016e-06 2.56989e-06 
199 -0.0376684 -0.0377452 -0.0377444 9.14886e-06 1.56165e-06 2.49915e-06 
200 -0.0372041 -0.0372383 -0.0372371 8.88833e-06 1.7726e-06 2.43105e-06 
201 -0.0367449 -0.0367401 -0.0367386 8.6517e-06 1.98093e-06 2.36541e-06 
202 -0.0362707 -0.0362505 -0.0362487 8.41993e-06 2.02825e-06 2.30228e-06 
203 -0.0357232 -0.0357691 -0.0357672 8.20274e-06 2.05768e-06 2.24069e-06 
204 -0.0352381 -0.0352959 -0.0352939 7.99559e-06 2.00221e-06 2.18162e-06 
205 -0.0348116 -0.0348307 -0.0348285 7.79309e-06 2.10338e-06 2.12412e-06 
206 -0.0343922 -0.0343732 -0.034371 7.59613e-06 2.13073e-06 2.06861e-06 
207 -0.0339428 -0.0339234 -0.0339212 7.40393e-06 2.26541e-06 2.01486e-06 
208 -0.033442 -0.033481 -0.0334788 7.21351e-06 2.2912e-06 1.96253e-06 
209 -0.0329756 -0.0330458 -0.0330439 7.03515e-06 2.24678e-06 1.91177e-06 
210 -0.0325846 -0.0326179 -0.0326161 6.85223e-06 2.11448e-06 1.86283e-06 
211 -0.0321866 -0.0321969 -0.0321953 6.66878e-06 1.92482e-06 1.81483e-06 
212 -0.0318112 -0.0317828 -0.0317815 6.48314e-06 1.80477e-06 1.76814e-06 
213 -0.0313861 -0.0313755 -0.0313743 6.29569e-06 1.75391e-06 1.72255e-06 
214 -0.0309374 -0.0309747 -0.0309738 6.10798e-06 1.77299e-06 1.67862e-06 
215 -0.0305044 -0.0305805 -0.0305798 5.92266e-06 1.84066e-06 1.63538e-06 
216 -0.0301439 -0.0301926 -0.0301921 5.73659e-06 1.89445e-06 1.59372e-06 
217 -0.029787 -0.029811 -0.0298108 5.56252e-06 1.84497e-06 1.55329e-06 
218 -0.0294268 -0.0294356 -0.0294356 5.39462e-06 1.56023e-06 1.51395e-06 
219 -0.0290903 -0.0290662 -0.0290664 5.23975e-06 1.24913e-06 1.47508e-06 
220 -0.0287348 -0.0287027 -0.0287033 5.08756e-06 8.58752e-07 1.43734e-06 
221 -0.0283328 -0.0283452 -0.0283459 4.94734e-06 5.64685e-07 1.40039e-06 
222 -0.0279486 -0.0279933 -0.0279942 4.80027e-06 3.90699e-07 1.3642e-06 
223 -0.0275709 -0.0276471 -0.0276481 4.66062e-06 5.34543e-07 1.32869e-06 
224 -0.0272376 -0.0273064 -0.0273075 4.52151e-06 7.98472e-07 1.29427e-06 
225 -0.0269279 -0.0269712 -0.0269724 4.38738e-06 1.00052e-06 1.26147e-06 
226 -0.0266134 -0.0266414 -0.0266426 4.2656e-06 1.06291e-06 1.22916e-06 
227 -0.0262991 -0.0263168 -0.0263182 4.15213e-06 8.09257e-07 1.1975e-06 
228 -0.0259928 -0.0259974 -0.0259989 4.05171e-06 3.97501e-07 1.16724e-06 
229 -0.0257024 -0.0256831 -0.0256847 3.95134e-06 -2.19023e-07 1.13717e-06 
230 -0.0254051 -0.0253738 -0.0253755 3.85014e-06 -6.81102e-07 1.10747e-06 
231 -0.0251061 -0.0250694 -0.0250711 3.74198e-06 -9.58002e-07 1.07807e-06 
232 -0.0247829 -0.0247698 -0.0247714 3.63058e-06 -9.42182e-07 1.04954e-06 
233 -0.0244674 -0.024475 -0.0244765 3.50962e-06 -8.47024e-07 1.02163e-06 
234 -0.0241578 -0.0241848 -0.0241862 3.4009e-06 -6.5335e-07 9.94723e-07 
235 -0.0238601 -0.0238991 -0.0239005 3.29604e-06 -7.08114e-07 9.6855e-07 
236 -0.0235668 -0.023618 -0.0236193 3.21611e-06 -1.12218e-06 9.43229e-07 
237 -0.0232765 -0.0233412 -0.0233426 3.14379e-06 -1.76996e-06 9.18259e-07 
238 -0.0229943 -0.0230688 -0.0230702 3.08123e-06 -2.58787e-06 8.93316e-07 
239 -0.0227216 -0.0228006 -0.0228021 3.01806e-06 -3.18157e-06 8.686e-07 
240 -0.0224587 -0.0225365 -0.022538 2.93773e-06 -3.40882e-06 8.44303e-07 
241 -0.0222023 -0.0222766 -0.022278 2.85146e-06 -3.02059e-06 8.21011e-07 
242 -0.0219506 -0.0220206 -0.0220218 2.75219e-06 -2.24374e-06 7.97919e-07 
243 -0.0217027 -0.0217685 -0.0217696 2.65181e-06 -1.19451e-06 7.7643e-07 
244 -0.0214576 -0.0215203 -0.0215212 2.5637e-06 -3.14533e-07 7.56041e-07 
245 -0.0212149 -0.0212759 -0.0212767 2.49187e-06 1.01879e-07 7.37147e-07 
246 -0.0209746 -0.0210352 -0.021036 2.4424e-06 -1.3256e-07 7.18544e-07 
247 -0.0207368 -0.0207982 -0.0207991 2.41262e-06 -8.53588e-07 7.00405e-07 
248 -0.0205011 -0.0205647 -0.0205657 2.3845e-06 -1.7708e-06 6.82196e-07 
249 -0.0202678 -0.0203347 -0.0203359 2.35161e-06 -2.50029e-06 6.6429e-07 
250 -0.0200375 -0.0201082 -0.0201093 2.29599e-06 -2.67499e-06 6.46306e-07 
251 -0.0198107 -0.019885 -0.0198861 2.21539e-06 -2.14723e-06 6.28806e-07 
252 -0.0195882 -0.0196651 -0.019666 2.12158e-06 -9.80461e-07 6.12046e-07 
253 -0.0193733 -0.0194485 -0.0194491 2.02008e-06 3.2833e-07 5.96633e-07 
254 -0.0191671 -0.0192351 -0.0192355 1.93223e-06 1.34966e-06 5.82197e-07 
255 -0.018969 -0.0190248 -0.0190251 1.87659e-06 1.71885e-06 5.68775e-07 
256 -0.0187753 -0.0188176 -0.0188179 1.84985e-06 1.23006e-06 5.55729e-07 
257 -0.0185837 -0.0186134 -0.0186139 1.85208e-06 -7.39563e-08 5.43018e-07 
258 -0.0183953 -0.0184122 -0.0184129 1.86338e-06 -1.60867e-06 5.29662e-07 
259 -0.018218 -0.0182139 -0.0182148 1.86463e-06 -2.91325e-06 5.15927e-07 
260 -0.0180439 -0.0180184 -0.0180195 1.83308e-06 -3.41276e-06 5.01971e-07 
261 -0.0178753 -0.0178258 -0.0178267 1.76254e-06 -2.97287e-06 4.88241e-07 
262 -0.0176809 -0.0176359 -0.0176366 1.66145e-06 -1.53581e-06 4.75122e-07 
263 -0.0174833 -0.0174486 -0.017449 1.54936e-06 3.59256e-07 4.63235e-07 
264 -0.0172774 -0.0172641 -0.0172641 1.45004e-06 2.14172e-06 4.52479e-07 
265 -0.0170778 -0.0170821 -0.017082 1.37945e-06 3.088e-06 4.43055e-07 
266 -0.016891 -0.0169027 -0.0169026 1.35928e-06 2.84292e-06 4.34097e-07 
267 -0.016698 -0.0167259 -0.0167259 1.37911e-06 1.40434e-06 4.25219e-07 
268 -0.0165081 -0.0165515 -0.0165519 1.42557e-06 -8.57635e-07 4.15868e-07 
269 -0.0163104 -0.0163795 -0.0163803 1.47012e-06 -3.17073e-06 4.05579e-07 
270 -0.0161414 -0.0162099 -0.0162109 1.48484e-06 -4.74787e-06 3.94592e-07 
271 -0.0160057 -0.0160426 -0.0160437 1.44269e-06 -5.12531e-06 3.83239e-07 
272 -0.0158706 -0.0158777 -0.0158786 1.34703e-06 -4.01743e-06 3.72038e-07 
273 -0.0157507 -0.015715 -0.0157155 1.20685e-06 -1.8009e-06 3.6183e-07 
274 -0.0156038 -0.0155545 -0.0155545 1.06183e-06 9.10934e-07 3.52919e-07 
275 -0.0154245 -0.0153961 -0.0153958 9.36324e-07 3.18676e-06 3.45416e-07 
276 -0.0152371 -0.01524 -0.0152394 8.68223e-07 4.28308e-06 3.39271e-07 
277 -0.0150687 -0.0150859 -0.0150854 8.64687e-07 3.79159e-06 3.33462e-07 
278 -0.0148922 -0.014934 -0.0149338 9.30237e-07 1.78353e-06 3.27664e-07 
279 -0.0147102 -0.014784 -0.0147843 1.02655e-06 -1.07648e-06 3.20884e-07 
280 -0.0145917 -0.0146361 -0.0146369 1.12261e-06 -3.94765e-06 3.13091e-07 
281 -0.0144854 -0.0144901 -0.0144913 1.17307e-06 -5.84226e-06 3.04378e-07 
282 -0.0143989 -0.0143461 -0.0143473 1.15858e-06 -6.06823e-06 2.95119e-07 
283 -0.0142459 -0.0142039 -0.014205 1.05963e-06 -4.39627e-06 2.86243e-07 
284 -0.0140649 -0.0140636 -0.0140642 9.08571e-07 -1.2755e-06 2.78289e-07 
285 -0.0139081 -0.0139252 -0.0139251 7.3443e-07 2.47158e-06 2.71993e-07 
286 -0.0137382 -0.0137885 -0.0137879 5.90464e-07 5.77576e-06 2.67212e-07 
287 -0.0135855 -0.0136537 -0.0136527 5.13265e-07 7.54704e-06 2.63928e-07 
288 -0.0135009 -0.0135205 -0.0135196 5.36273e-07 7.1807e-06 2.61164e-07 
289 -0.0134326 -0.0133892 -0.0133885 6.44048e-07 4.65164e-06 2.58336e-07 
290 -0.0133039 -0.0132595 -0.0132594 8.1445e-07 6.36996e-07 2.54295e-07 
291 -0.0131314 -0.0131315 -0.0131321 9.95725e-07 -3.81203e-06 2.488e-07 
292 -0.0129787 -0.0130051 -0.0130062 1.13774e-06 -7.43711e-06 2.41728e-07 
293 -0.0128116 -0.0128803 -0.0128817 1.18773e-06 -9.10579e-06 2.33636e-07 
294 -0.0127178 -0.0127571 -0.0127584 1.13368e-06 -8.28393e-06 2.25192e-07 
295 -0.0126564 -0.0126354 -0.0126363 9.76364e-07 -5.10554e-06 2.17424e-07 
296 -0.0125674 -0.0125152 -0.0125154 7.59797e-07 -3.5314e-07 2.11212e-07 
297 -0.0123993 -0.0123966 -0.012396 5.40106e-07 4.72964e-06 2.0695e-07 
298 -0.0122533 -0.0122794 -0.0122782 3.80885e-07 8.67453e-06 2.04591e-07 
299 -0.0120914 -0.0121638 -0.0121622 3.28669e-07 1.04048e-05 2.03555e-07 
300 -0.0120228 -0.0120495 -0.0120481 4.02937e-07 9.35665e-06 2.02922e-07 
