1 2.21926 1.84917 4.05483 1.14745 3.72647 3.14624 1.75644 
2 1.1679 1.29868 2.94833 0.700983 2.14465 1.34162 0.599984 
3 0.756243 0.88169 1.96194 0.343767 1.23085 0.515391 0.282425 
4 0.537988 0.603642 1.31769 0.15987 0.746847 0.227433 0.141588 
5 0.404491 0.433471 0.918297 0.0726567 0.495186 0.108422 0.0804135 
6 0.315574 0.325503 0.676725 0.0340754 0.355639 0.0526501 0.0499539 
7 0.252873 0.254021 0.521979 0.0159496 0.269799 0.0263694 0.0326445 
8 0.206789 0.20433 0.416343 0.00696548 0.21274 0.0129095 0.0221887 
9 0.171841 0.168077 0.340479 0.00238272 0.172489 0.00562066 0.0155532 
10 0.144662 0.140638 0.28368 -1.42617e-05 0.142756 0.00161057 0.0111702 
11 0.123119 0.119274 0.239804 -0.001255 0.120044 -0.000594057 0.00818467 
12 0.105755 0.102265 0.20509 -0.00185789 0.102241 -0.00177358 0.00609927 
13 0.0915558 0.08848 0.177096 -0.0021032 0.0879948 -0.00235804 0.00461155 
14 0.0798099 0.0771433 0.154165 -0.00214771 0.0764011 -0.00259526 0.00353098 
15 0.0699966 0.0677047 0.135134 -0.00208157 0.0668312 -0.00263023 0.00273372 
16 0.0617162 0.0597633 0.119165 -0.00195743 0.0588366 -0.00255055 0.00213744 
17 0.0546823 0.0530206 0.105635 -0.00180641 0.0520887 -0.00240867 0.00168601 
18 0.0486545 0.04725 0.0940759 -0.00164667 0.046342 -0.00223678 0.00134056 
19 0.0434625 0.0422766 0.0841285 -0.00148871 0.0414092 -0.0020541 0.0010736 
20 0.0389742 0.0379633 0.0755123 -0.00133834 0.0371457 -0.00187219 0.000865498 
21 0.0350501 0.0342015 0.0680056 -0.00119849 0.0334378 -0.0016976 0.000701959 
22 0.0316189 0.0309042 0.0614314 -0.00107041 0.0301952 -0.00153382 0.000572491 
23 0.0285967 0.0280007 0.0556467 -0.000954314 0.0273455 -0.00138253 0.000469304 
24 0.0259316 0.0254334 0.0505348 -0.000849832 0.0248296 -0.00124423 0.000386552 
25 0.0235691 0.0231546 0.0459999 -0.000756271 0.0225995 -0.00111868 0.000319802 
26 0.0214695 0.0211248 0.0419623 -0.000672786 0.0206152 -0.00100528 0.000265671 
27 0.0195958 0.0193111 0.0383557 -0.000598478 0.0188436 -0.000903216 0.000221553 
28 0.017922 0.0176854 0.0351241 -0.000532443 0.0172568 -0.000811587 0.000185428 
29 0.0164163 0.0162243 0.0322204 -0.000473826 0.0158314 -0.000729463 0.000155719 
30 0.0150663 0.0149077 0.0296044 -0.000421828 0.0145475 -0.000655931 0.000131186 
31 0.0138458 0.0137184 0.0272419 -0.000375712 0.0133882 -0.000590139 0.000110849 
32 0.0127426 0.0126417 0.0251033 -0.000334815 0.0123388 -0.000531289 9.39288e-05 
33 0.0117428 0.0116648 0.0231632 -0.00029854 0.0113869 -0.000478645 7.9803e-05 
34 0.010836 0.0107768 0.0213997 -0.000266354 0.0105216 -0.000431546 6.79719e-05 
35 0.0100119 0.00996789 0.0197936 -0.000237785 0.0097335 -0.000389393 5.80323e-05 
36 0.00926171 0.00922984 0.0183282 -0.000212414 0.00901438 -0.000351647 4.96573e-05 
37 0.0085774 0.00855531 0.0169889 -0.000189871 0.00835707 -0.000317829 4.25811e-05 
38 0.00795164 0.00793777 0.0157628 -0.000169829 0.00775527 -0.00028751 3.65868e-05 
39 0.00737775 0.00737158 0.0146387 -0.000151996 0.00720342 -0.000260308 3.14959e-05 
40 0.00685167 0.0068517 0.0136066 -0.000136118 0.00669663 -0.000235883 2.71623e-05 
41 0.00636735 0.00637369 0.0126576 -0.000121969 0.00623058 -0.000213933 2.34648e-05 
42 0.00592209 0.0059336 0.0117839 -0.000109353 0.00580142 -0.000194189 2.03032e-05 
43 0.00551345 0.00552791 0.0109784 -9.80936e-05 0.00540573 -0.000176416 1.75944e-05 
44 0.00513673 0.00515348 0.0102351 -8.80384e-05 0.00504046 -0.000160401 1.5269e-05 
45 0.00478888 0.00480751 0.00954815 -7.90521e-05 0.00470288 -0.00014596 1.32689e-05 
46 0.00446644 0.00448747 0.00891273 -7.10163e-05 0.00439055 -0.000132925 1.15457e-05 
47 0.00416909 0.00419113 0.00832431 -6.38252e-05 0.00410126 -0.000121152 1.00585e-05 
48 0.00389391 0.00391644 0.00777884 -5.7387e-05 0.00383305 -0.00011051 8.77281e-06 
49 0.0036405 0.00366152 0.00727269 -5.16189e-05 0.00358412 -0.000100883 7.65968e-06 
50 0.00340078 0.0034248 0.00680256 -4.64489e-05 0.00335287 -9.21678e-05 6.69449e-06 
51 0.00318258 0.00320469 0.0063655 -4.18122e-05 0.00313784 -8.42723e-05 5.8564e-06 
52 0.00297534 0.0029999 0.00595879 -3.76522e-05 0.0029377 -7.71149e-05 5.12766e-06 
53 0.00278382 0.0028092 0.00557998 -3.39186e-05 0.00275126 -7.06222e-05 4.49317e-06 
54 0.00260737 0.00263139 0.00522685 -3.05666e-05 0.0025774 -6.47297e-05 3.94004e-06 
55 0.00244218 0.00246552 0.00489735 -2.75563e-05 0.00241513 -5.93792e-05 3.45724e-06 
56 0.00229039 0.00231063 0.00458963 -2.48532e-05 0.00226355 -5.45182e-05 3.03535e-06 
57 0.0021451 0.00216585 0.00430199 -2.24252e-05 0.00212178 -5.01007e-05 2.66623e-06 
58 0.00201172 0.00203042 0.00403287 -2.02446e-05 0.00198909 -4.6085e-05 2.34295e-06 
59 0.00188388 0.00190359 0.00378083 -1.82868e-05 0.00186474 -4.24326e-05 2.05949e-06 
60 0.00176842 0.00178474 0.00354457 -1.6529e-05 0.0017481 -3.91096e-05 1.81068e-06 
61 0.00165464 0.00167321 0.00332288 -1.49516e-05 0.00163856 -3.60839e-05 1.59208e-06 
62 0.00155016 0.00156849 0.00311463 -1.35367e-05 0.00153558 -3.33262e-05 1.39983e-06 
63 0.00145236 0.00147003 0.00291882 -1.2268e-05 0.00143866 -3.08096e-05 1.23058e-06 
64 0.00136175 0.00137737 0.00273449 -1.11305e-05 0.00134735 -2.85089e-05 1.08149e-06 
65 0.00128299 0.0012901 0.00256081 -1.01099e-05 0.00126125 -2.64008e-05 9.50063e-07 
66 0.00119315 0.00120781 0.00239699 -9.19305e-06 0.00117997 -2.44638e-05 8.34126e-07 
67 0.00112647 0.00113012 0.00224233 -8.36596e-06 0.00110321 -2.26789e-05 7.3183e-07 
68 0.00104163 0.00105678 0.00209622 -7.6167e-06 0.00103068 -2.10278e-05 6.41567e-07 
69 0.000970495 0.00098747 0.00195813 -6.93069e-06 0.000962135 -1.94957e-05 5.6193e-07 
70 0.000907919 0.000921976 0.00182761 -6.29571e-06 0.000897354 -1.80661e-05 4.91689e-07 
71 0.000841734 0.000860118 0.00170431 -5.69869e-06 0.000836157 -1.67268e-05 4.29782e-07 
72 0.000769371 0.000801767 0.00158799 -5.12556e-06 0.000778459 -1.54625e-05 3.75306e-07 
73 0.00072484 0.000746844 0.0014785 -4.5642e-06 0.000724135 -1.426e-05 3.27424e-07 
74 0.000741406 0.000695323 0.00137583 -4.00142e-06 0.00067312 -1.31061e-05 2.8541e-07 
75 0.000608113 0.000647231 0.00128007 -3.42545e-06 0.00062551 -1.19845e-05 2.487e-07 
76 0.000538895 0.000602685 0.00119146 -2.82373e-06 0.000581352 -1.08805e-05 2.16738e-07 
77 0.000620056 0.00056183 0.00111032 -2.18655e-06 0.000540886 -9.77861e-06 1.89129e-07 
78 0.000467737 0.000524884 0.00103712 -1.50584e-06 0.000504255 -8.66724e-06 1.65465e-07 
79 0.000413676 0.000492107 0.000972404 -7.75287e-07 0.000471781 -7.53578e-06 1.4547e-07 
80 0.000505257 0.000463801 0.000916783 8.59015e-09 0.000443825 -6.37651e-06 1.28925e-07 
81 0.000378639 0.000440286 0.000870898 8.44397e-07 0.000420746 -5.18885e-06 1.15658e-07 
82 0.000294138 0.000421855 0.000835371 1.72617e-06 0.000402919 -3.97457e-06 1.05529e-07 
83 0.000398749 0.00040881 0.000810736 2.64127e-06 0.000390655 -2.74251e-06 9.84391e-08 
84 0.000344581 0.000401353 0.00079739 3.57432e-06 0.000384252 -1.50765e-06 9.43213e-08 
85 0.000224328 0.000399597 0.000795523 4.5014e-06 0.000383805 -2.90082e-07 9.3073e-08 
86 0.000324869 0.000403523 0.000805046 5.39683e-06 0.000389361 8.85051e-07 9.46119e-08 
87 0.000377092 0.000412968 0.000825554 6.22828e-06 0.000400754 1.98882e-06 9.88188e-08 
88 0.000272909 0.000427571 0.000856276 6.96519e-06 0.000417617 2.99141e-06 1.05522e-07 
89 0.000303845 0.000446779 0.000896055 7.57432e-06 0.000439341 3.86142e-06 1.14466e-07 
90 0.000455118 0.000469868 0.000943359 8.02505e-06 0.000465149 4.56988e-06 1.25343e-07 
91 0.000441204 0.000495891 0.000996304 8.29384e-06 0.000494048 5.09123e-06 1.37746e-07 
92 0.000394304 0.00052379 0.00105272 8.36015e-06 0.000524862 5.40804e-06 1.51191e-07 
93 0.000532702 0.000552376 0.00111022 8.21493e-06 0.000556279 5.5081e-06 1.65099e-07 
94 0.000657354 0.000580402 0.00116633 7.85777e-06 0.00058702 5.38997e-06 1.789e-07 
95 0.000611157 0.000606609 0.00121858 7.29725e-06 0.000615704 5.06008e-06 1.91932e-07 
96 0.000614683 0.00062981 0.00126461 6.55296e-06 0.000641024 4.53609e-06 2.03562e-07 
97 0.000761416 0.00064892 0.00130232 5.6517e-06 0.000661866 3.84132e-06 2.13217e-07 
98 0.000822985 0.000663018 0.00132992 4.62811e-06 0.000677259 3.00871e-06 2.20398e-07 
99 0.000739319 0.000671405 0.00134606 3.52064e-06 0.000686453 2.07336e-06 2.247e-07 
100 0.000724135 0.000673612 0.00134983 2.37138e-06 0.000688977 1.07613e-06 2.25885e-07 
101 0.000826167 0.000669405 0.00134082 1.22112e-06 0.000684639 5.5783e-08 2.23866e-07 
102 0.000835886 0.000658802 0.00131909 1.07188e-07 0.000673476 -9.49378e-07 2.18689e-07 
103 0.000703109 0.000642054 0.00128515 -9.34432e-07 0.000655778 -1.90525e-06 2.10562e-07 
104 0.000645231 0.000619615 0.00123989 -1.87689e-06 0.000632074 -2.7824e-06 1.99833e-07 
105 0.000699966 0.000592078 0.00118453 -2.69895e-06 0.000603045 -3.55903e-06 1.86945e-07 
106 0.000692777 0.000560184 0.00112049 -3.38698e-06 0.000569478 -4.21794e-06 1.72392e-07 
107 0.000547562 0.000524724 0.00104939 -3.93249e-06 0.000532263 -4.75091e-06 1.56727e-07 
108 0.000448247 0.000486556 0.000972874 -4.33674e-06 0.000492288 -5.1534e-06 1.40472e-07 
109 0.000473276 0.000446499 0.000892606 -4.60379e-06 0.000450464 -5.42916e-06 1.2415e-07 
110 0.000492747 0.000405359 0.000810166 -4.74437e-06 0.000407633 -5.58455e-06 1.082e-07 
111 0.000374414 0.000363867 0.000727015 -4.77148e-06 0.000364551 -5.63051e-06 9.30003e-08 
112 0.000245867 0.000322675 0.000644455 -4.69966e-06 0.000321917 -5.58013e-06 7.88512e-08 
113 0.000232592 0.000282354 0.000563608 -4.54656e-06 0.000280316 -5.44812e-06 6.597e-08 
114 0.000282497 0.000243354 0.000485408 -4.32767e-06 0.000240216 -5.24879e-06 5.44762e-08 
115 0.000237775 0.000206051 0.000410595 -4.05925e-06 0.00020199 -4.99707e-06 4.44316e-08 
116 0.000106897 0.000170719 0.000339724 -3.75606e-06 0.000165874 -4.70678e-06 3.58221e-08 
117 4.49519e-05 0.000137556 0.000273189 -3.43143e-06 0.000132125 -4.39112e-06 2.86097e-08 
118 8.80394e-05 0.000106678 0.000211227 -3.09618e-06 0.00010078 -4.06056e-06 2.26863e-08 
119 0.000123186 7.81327e-05 0.000153955 -2.7597e-06 7.19333e-05 -3.72458e-06 1.79393e-08 
120 5.45682e-05 5.19182e-05 0.000101374 -2.43089e-06 4.55077e-05 -3.39072e-06 1.42289e-08 
121 -5.37746e-05 2.79994e-05 5.3406e-05 -2.1146e-06 2.15161e-05 -3.06552e-06 1.1423e-08 
122 -7.20822e-05 6.30315e-06 9.90062e-06 -1.81494e-06 -1.91781e-07 -2.75346e-06 9.37985e-09 
123 -5.36011e-06 -1.32767e-05 -2.93362e-05 -1.53524e-06 -1.96955e-05 -2.45785e-06 7.96872e-09 
124 2.01366e-05 -3.08512e-05 -6.45431e-05 -1.27724e-06 -3.71521e-05 -2.18115e-06 7.07407e-09 
125 -5.21254e-05 -4.65492e-05 -9.59694e-05 -1.04242e-06 -5.26729e-05 -1.92449e-06 6.58313e-09 
126 -0.000138149 -6.05023e-05 -0.000123882 -8.29617e-07 -6.64217e-05 -1.68841e-06 6.40454e-09 
127 -0.000138663 -7.28493e-05 -0.000148553 -6.40009e-07 -7.85235e-05 -1.47276e-06 6.45682e-09 
128 -6.87623e-05 -8.37159e-05 -0.000170248 -4.7173e-07 -8.9149e-05 -1.27722e-06 6.67737e-09 
129 -3.65922e-05 -9.32275e-05 -0.000189223 -3.23602e-07 -9.83968e-05 -1.10084e-06 7.00692e-09 
130 -9.34858e-05 -0.000101511 -0.000205725 -1.94216e-07 -0.000106429 -9.42621e-07 7.40585e-09 
131 -0.000174659 -0.000108682 -0.000219989 -8.25678e-08 -0.000113347 -8.01447e-07 7.83839e-09 
132 -0.000185793 -0.000114851 -0.000232232 1.42768e-08 -0.000119257 -6.75904e-07 8.27714e-09 
133 -0.0001136 -0.00012011 -0.000242655 9.74742e-08 -0.00012428 -5.64546e-07 8.70415e-09 
134 -6.29668e-05 -0.000124554 -0.000251445 1.68264e-07 -0.000128484 -4.65988e-07 9.10376e-09 
135 -9.82893e-05 -0.000128271 -0.000258773 2.29105e-07 -0.000131966 -3.79258e-07 9.46802e-09 
136 -0.000175162 -0.000131337 -0.000264795 2.81109e-07 -0.00013481 -3.03052e-07 9.79128e-09 
137 -0.000206958 -0.000133819 -0.000269652 3.26027e-07 -0.000137073 -2.36073e-07 1.00681e-08 
138 -0.000155897 -0.000135783 -0.000273473 3.64167e-07 -0.00013882 -1.7765e-07 1.02999e-08 
139 -8.91782e-05 -0.000137284 -0.000276371 3.96805e-07 -0.00014011 -1.26467e-07 1.04857e-08 
140 -8.22136e-05 -0.000138381 -0.000278453 4.24167e-07 -0.000140999 -8.22713e-08 1.06278e-08 
141 -0.000148273 -0.000139111 -0.000279812 4.46195e-07 -0.000141528 -4.41903e-08 1.07278e-08 
142 -0.000206128 -0.000139522 -0.000280534 4.63477e-07 -0.000141731 -1.1414e-08 1.07881e-08 
143 -0.000193656 -0.000139648 -0.000280693 4.76261e-07 -0.000141672 1.64091e-08 1.0816e-08 
144 -0.000119448 -0.000139524 -0.000280355 4.84429e-07 -0.00014138 3.99985e-08 1.0812e-08 
145 -7.29598e-05 -0.000139183 -0.000279583 4.88157e-07 -0.000140873 5.97839e-08 1.07791e-08 
146 -0.000107 -0.000138644 -0.000278431 4.88026e-07 -0.000140186 7.63096e-08 1.07222e-08 
147 -0.000172675 -0.000137937 -0.000276945 4.84553e-07 -0.000139346 9.00178e-08 1.06445e-08 
148 -0.000187901 -0.000137087 -0.000275167 4.78815e-07 -0.000138375 1.01231e-07 1.05465e-08 
149 -0.000189054 -0.000136103 -0.000273137 4.70762e-07 -0.000137281 1.10593e-07 1.04325e-08 
150 -0.000111193 -0.000135009 -0.000270886 4.61525e-07 -0.000136084 1.18078e-07 1.03031e-08 
151 -3.26021e-05 -0.000133817 -0.000268447 4.51784e-07 -0.000134803 1.24129e-07 1.01621e-08 
152 -0.000113204 -0.000132544 -0.000265843 4.41171e-07 -0.00013344 1.29e-07 1.00078e-08 
153 -0.000162954 -0.000131198 -0.000263101 4.30419e-07 -0.000132006 1.32614e-07 9.84386e-09 
154 -0.000176389 -0.000129789 -0.000260241 4.19786e-07 -0.000130541 1.35234e-07 9.67285e-09 
155 -0.000188601 -0.000128336 -0.000257282 4.09556e-07 -0.000129015 1.37104e-07 9.49583e-09 
156 -0.000114921 -0.000126836 -0.000254241 3.99268e-07 -0.000127438 1.38327e-07 9.31082e-09 
157 -3.70278e-05 -0.000125303 -0.000251134 3.88047e-07 -0.000125832 1.3879e-07 9.12027e-09 
158 -8.94931e-05 -0.000123741 -0.000247972 3.77394e-07 -0.000124217 1.38523e-07 8.92927e-09 
159 -0.00014955 -0.000122156 -0.000244769 3.6631e-07 -0.000122569 1.37854e-07 8.73514e-09 
160 -0.000160749 -0.000120555 -0.000241533 3.55641e-07 -0.00012091 1.36748e-07 8.53974e-09 
161 -0.000181841 -0.000118941 -0.000238275 3.43878e-07 -0.000119254 1.35159e-07 8.34515e-09 
162 -0.000136201 -0.000117316 -0.000235003 3.32552e-07 -0.000117582 1.33203e-07 8.15076e-09 
163 -3.97758e-05 -0.000115692 -0.000231722 3.2082e-07 -0.000115917 1.31018e-07 7.95701e-09 
164 -5.00989e-05 -0.000114061 -0.000228442 3.09384e-07 -0.000114264 1.28443e-07 7.76826e-09 
165 -0.000120876 -0.000112434 -0.000225162 2.9796e-07 -0.000112614 1.25829e-07 7.57977e-09 
166 -0.000144568 -0.000110805 -0.00022189 2.87271e-07 -0.000110983 1.2313e-07 7.39644e-09 
167 -0.000160079 -0.000109189 -0.000218629 2.76714e-07 -0.000109351 1.20513e-07 7.21379e-09 
168 -0.000161317 -0.000107574 -0.000215382 2.66933e-07 -0.000107732 1.17702e-07 7.03515e-09 
169 -7.59859e-05 -0.000105968 -0.000212152 2.57827e-07 -0.000106121 1.1517e-07 6.86034e-09 
170 -9.07516e-06 -0.00010437 -0.00020894 2.49658e-07 -0.000104529 1.12641e-07 6.6895e-09 
171 -6.62569e-05 -0.000102781 -0.000205748 2.41247e-07 -0.00010293 1.10156e-07 6.51956e-09 
172 -0.000127302 -0.000101203 -0.000202578 2.34192e-07 -0.000101346 1.07691e-07 6.35528e-09 
173 -0.000136548 -9.96363e-05 -0.000199431 2.27111e-07 -9.97774e-05 1.05419e-07 6.19318e-09 
174 -0.000149915 -9.80775e-05 -0.000196307 2.20477e-07 -9.82166e-05 1.02993e-07 6.03493e-09 
175 -0.000133579 -9.65338e-05 -0.000193207 2.13577e-07 -9.66549e-05 1.00622e-07 5.87876e-09 
176 -5.43778e-05 -9.50037e-05 -0.000190132 2.07575e-07 -9.51099e-05 9.83183e-08 5.72754e-09 
177 -1.40677e-05 -9.34829e-05 -0.000187083 2.00941e-07 -9.35793e-05 9.59244e-08 5.57878e-09 
178 -6.45787e-05 -9.19756e-05 -0.000184061 1.94983e-07 -9.20525e-05 9.36498e-08 5.43359e-09 
179 -0.000113838 -9.04836e-05 -0.000181067 1.88869e-07 -9.05597e-05 9.12809e-08 5.29317e-09 
180 -0.000124416 -8.9008e-05 -0.000178103 1.82735e-07 -8.90647e-05 8.88616e-08 5.155e-09 
181 -0.000141013 -8.75485e-05 -0.000175172 1.76814e-07 -8.75929e-05 8.65856e-08 5.0217e-09 
182 -0.000128908 -8.61059e-05 -0.000172275 1.70893e-07 -8.61234e-05 8.42429e-08 4.89016e-09 
183 -5.01524e-05 -8.46816e-05 -0.000169415 1.65422e-07 -8.46852e-05 8.18713e-08 4.76372e-09 
184 1.14331e-06 -8.32766e-05 -0.000166597 1.59408e-07 -8.32679e-05 7.94015e-08 4.64118e-09 
185 -4.23564e-05 -8.18928e-05 -0.000163822 1.5412e-07 -8.18826e-05 7.7022e-08 4.52284e-09 
186 -9.87424e-05 -8.05333e-05 -0.000161095 1.4911e-07 -8.04959e-05 7.45386e-08 4.40729e-09 
187 -0.000110843 -7.92003e-05 -0.000158422 1.43849e-07 -7.91511e-05 7.20827e-08 4.29646e-09 
188 -0.000124006 -7.78948e-05 -0.000155804 1.39123e-07 -7.78357e-05 6.96302e-08 4.18943e-09 
189 -0.00013103 -7.6619e-05 -0.000153246 1.34223e-07 -7.65526e-05 6.71214e-08 4.08626e-09 
190 -7.43578e-05 -7.53748e-05 -0.000150751 1.29624e-07 -7.52957e-05 6.45799e-08 3.9859e-09 
191 -1.44149e-06 -7.41636e-05 -0.000148324 1.24128e-07 -7.40795e-05 6.20384e-08 3.89111e-09 
192 -5.96734e-06 -7.29866e-05 -0.000145965 1.19554e-07 -7.29009e-05 5.95858e-08 3.80041e-09 
193 -6.43087e-05 -7.18447e-05 -0.000143679 1.14405e-07 -7.17568e-05 5.71165e-08 3.71287e-09 
194 -9.706e-05 -7.07385e-05 -0.000141465 1.09522e-07 -7.06476e-05 5.47959e-08 3.62904e-09 
195 -0.000105741 -6.96681e-05 -0.000139324 1.05017e-07 -6.95814e-05 5.25418e-08 3.54992e-09 
196 -0.000119498 -6.86356e-05 -0.000137254 1.00734e-07 -6.8539e-05 5.03497e-08 3.47315e-09 
197 -0.000106944 -6.76373e-05 -0.000135256 9.61473e-08 -6.75296e-05 4.82203e-08 3.39936e-09 
198 -4.45281e-05 -6.66704e-05 -0.000133328 9.11689e-08 -6.65721e-05 4.6214e-08 3.33002e-09 
199 1.06068e-05 -6.57362e-05 -0.000131466 8.60182e-08 -6.56392e-05 4.43368e-08 3.26418e-09 
200 -6.03828e-06 -6.4835e-05 -0.000129665 8.04849e-08 -6.47365e-05 4.25665e-08 3.20032e-09 
201 -6.66644e-05 -6.39629e-05 -0.000127921 7.52664e-08 -6.38605e-05 4.08848e-08 3.13931e-09 
202 -9.47388e-05 -6.31143e-05 -0.00012623 7.06937e-08 -6.30122e-05 3.94454e-08 3.0815e-09 
203 -9.60874e-05 -6.22894e-05 -0.000124586 6.70991e-08 -6.21676e-05 3.81199e-08 3.02492e-09 
204 -0.000116909 -6.14881e-05 -0.000122983 6.42593e-08 -6.13547e-05 3.69676e-08 2.97045e-09 
205 -0.000105995 -6.07055e-05 -0.000121417 6.23523e-08 -6.05509e-05 3.57304e-08 2.91739e-09 
206 -3.44375e-05 -5.99396e-05 -0.000119882 6.10599e-08 -5.97674e-05 3.4626e-08 2.8664e-09 
207 1.81848e-05 -5.91851e-05 -0.000118374 6.01796e-08 -5.9001e-05 3.34599e-08 2.81689e-09 
208 -1.95517e-07 -5.84427e-05 -0.000116888 5.92708e-08 -5.82411e-05 3.24334e-08 2.76793e-09 
209 -5.22603e-05 -5.77106e-05 -0.00011542 5.92927e-08 -5.7492e-05 3.15155e-08 2.72068e-09 
210 -8.49142e-05 -5.69834e-05 -0.000113967 5.93543e-08 -5.67637e-05 3.07232e-08 2.6744e-09 
211 -9.12132e-05 -5.62633e-05 -0.000112523 6.06994e-08 -5.60292e-05 3.00336e-08 2.6288e-09 
212 -0.000101939 -5.55465e-05 -0.000111087 6.317e-08 -5.53022e-05 2.93341e-08 2.58423e-09 
213 -0.000110454 -5.48331e-05 -0.000109657 6.57589e-08 -5.45784e-05 2.86186e-08 2.54054e-09 
214 -5.38257e-05 -5.41222e-05 -0.000108234 6.69376e-08 -5.38784e-05 2.78631e-08 2.49761e-09 
215 1.39934e-05 -5.34133e-05 -0.000106815 6.68978e-08 -5.31719e-05 2.70778e-08 2.45597e-09 
216 1.86298e-05 -5.27037e-05 -0.000105401 6.48047e-08 -5.24891e-05 2.62919e-08 2.41625e-09 
217 -2.62785e-05 -5.20004e-05 -0.00010399 6.08148e-08 -5.18183e-05 2.55942e-08 2.37708e-09 
218 -6.929e-05 -5.12922e-05 -0.000102584 5.65103e-08 -5.11526e-05 2.5106e-08 2.33996e-09 
219 -7.88349e-05 -5.05911e-05 -0.000101179 5.29104e-08 -5.04731e-05 2.46854e-08 2.30325e-09 
220 -8.46554e-05 -4.98894e-05 -9.97766e-05 5.09528e-08 -4.98007e-05 2.43728e-08 2.26732e-09 
221 -0.000112656 -4.91911e-05 -9.8378e-05 5.04302e-08 -4.91278e-05 2.40347e-08 2.23233e-09 
222 -7.60775e-05 -4.84945e-05 -9.69841e-05 5.09418e-08 -4.84539e-05 2.36325e-08 2.1984e-09 
223 -2.78888e-05 -4.78025e-05 -9.5598e-05 5.05424e-08 -4.77822e-05 2.29826e-08 2.16436e-09 
224 1.74303e-05 -4.71144e-05 -9.4221e-05 4.87591e-08 -4.71267e-05 2.22232e-08 2.13122e-09 
225 3.01033e-05 -4.64314e-05 -9.28557e-05 4.52118e-08 -4.65065e-05 2.14707e-08 2.09931e-09 
226 -3.48487e-05 -4.57517e-05 -9.15019e-05 4.00988e-08 -4.58801e-05 2.0812e-08 2.06864e-09 
227 -7.62662e-05 -4.50806e-05 -9.01597e-05 3.57133e-08 -4.52489e-05 2.03856e-08 2.0372e-09 
228 -6.54517e-05 -4.44136e-05 -8.8828e-05 3.31222e-08 -4.46425e-05 2.01042e-08 2.00784e-09 
229 -8.3619e-05 -4.37553e-05 -8.75075e-05 3.32851e-08 -4.40144e-05 2.00138e-08 1.9769e-09 
230 -0.000100626 -4.31016e-05 -8.61989e-05 3.62871e-08 -4.33748e-05 1.986e-08 1.94736e-09 
231 -7.30644e-05 -4.2458e-05 -8.49056e-05 4.00271e-08 -4.27248e-05 1.9602e-08 1.91664e-09 
232 -2.34823e-05 -4.18216e-05 -8.36285e-05 4.30766e-08 -4.20896e-05 1.91385e-08 1.88668e-09 
233 2.37006e-05 -4.11955e-05 -8.23718e-05 4.31493e-08 -4.14613e-05 1.8587e-08 1.85741e-09 
234 2.82825e-05 -4.05767e-05 -8.11362e-05 3.96286e-08 -4.0857e-05 1.79288e-08 1.82923e-09 
235 -1.21289e-05 -3.99659e-05 -7.99213e-05 3.31324e-08 -4.02618e-05 1.74105e-08 1.80167e-09 
236 -7.46018e-05 -3.93655e-05 -7.87257e-05 2.61086e-08 -3.96775e-05 1.71312e-08 1.77542e-09 
237 -5.73451e-05 -3.87755e-05 -7.75469e-05 2.05769e-08 -3.90823e-05 1.70398e-08 1.74877e-09 
238 -7.4317e-05 -3.81935e-05 -7.63827e-05 1.92479e-08 -3.84597e-05 1.71235e-08 1.72293e-09 
239 -8.94174e-05 -3.76209e-05 -7.52332e-05 2.28279e-08 -3.78218e-05 1.71262e-08 1.69727e-09 
240 -8.14651e-05 -3.70582e-05 -7.40993e-05 2.96944e-08 -3.71808e-05 1.69363e-08 1.67155e-09 
241 -3.2054e-05 -3.65036e-05 -7.29847e-05 3.64198e-08 -3.65701e-05 1.63701e-08 1.64656e-09 
242 1.02635e-05 -3.59601e-05 -7.18924e-05 4.03209e-08 -3.59553e-05 1.55356e-08 1.62244e-09 
243 3.78837e-05 -3.54259e-05 -7.08246e-05 3.8449e-08 -3.54034e-05 1.44806e-08 1.59929e-09 
244 2.10012e-05 -3.49004e-05 -6.97813e-05 3.11291e-08 -3.48882e-05 1.34801e-08 1.57788e-09 
245 -4.66694e-05 -3.43865e-05 -6.87599e-05 2.06111e-08 -3.44238e-05 1.27255e-08 1.55762e-09 
246 -6.01537e-05 -3.38811e-05 -6.77568e-05 1.02266e-08 -3.3949e-05 1.23809e-08 1.53802e-09 
247 -5.88972e-05 -3.33831e-05 -6.67676e-05 4.11747e-09 -3.34689e-05 1.23805e-08 1.51966e-09 
248 -7.08737e-05 -3.28944e-05 -6.57898e-05 4.69328e-09 -3.29583e-05 1.25766e-08 1.50082e-09 
249 -9.63994e-05 -3.24155e-05 -6.48221e-05 1.27709e-08 -3.24383e-05 1.27396e-08 1.4821e-09 
250 -5.94457e-05 -3.19448e-05 -6.38686e-05 2.47608e-08 -3.18984e-05 1.26349e-08 1.46282e-09 
251 -1.92689e-05 -3.14828e-05 -6.29328e-05 3.61798e-08 -3.13735e-05 1.21356e-08 1.44408e-09 
252 2.09817e-05 -3.10283e-05 -6.20197e-05 4.1857e-08 -3.08827e-05 1.12401e-08 1.42612e-09 
253 5.44026e-05 -3.05837e-05 -6.11309e-05 3.97929e-08 -3.04558e-05 1.01967e-08 1.40918e-09 
254 1.29247e-05 -3.01476e-05 -6.02677e-05 2.9068e-08 -3.00724e-05 9.24902e-09 1.39367e-09 
255 -3.51346e-05 -2.97193e-05 -5.94256e-05 1.30706e-08 -2.97277e-05 8.62432e-09 1.37973e-09 
256 -6.19579e-05 -2.92984e-05 -5.85988e-05 -2.67168e-09 -2.93809e-05 8.47557e-09 1.36615e-09 
257 -4.18033e-05 -2.88855e-05 -5.7781e-05 -1.23553e-08 -2.90235e-05 8.82098e-09 1.35319e-09 
258 -7.23091e-05 -2.84801e-05 -5.69683e-05 -1.21015e-08 -2.86039e-05 9.37976e-09 1.33975e-09 
259 -8.04069e-05 -2.80811e-05 -5.61603e-05 -1.4533e-09 -2.81398e-05 9.90864e-09 1.32552e-09 
260 -6.42544e-05 -2.76892e-05 -5.5359e-05 1.66614e-08 -2.76483e-05 1.00773e-08 1.31089e-09 
261 -2.05347e-05 -2.73041e-05 -5.45714e-05 3.53852e-08 -2.71637e-05 9.77489e-09 1.29629e-09 
262 1.99239e-05 -2.69264e-05 -5.38042e-05 4.79265e-08 -2.67167e-05 8.92184e-09 1.28198e-09 
263 4.40066e-05 -2.65559e-05 -5.3062e-05 4.9585e-08 -2.63443e-05 7.76349e-09 1.26869e-09 
264 4.24757e-05 -2.61929e-05 -5.23463e-05 3.82431e-08 -2.60393e-05 6.57785e-09 1.25595e-09 
265 -2.34194e-05 -2.58362e-05 -5.16534e-05 1.73657e-08 -2.58042e-05 5.74322e-09 1.24521e-09 
266 -5.09233e-05 -2.54863e-05 -5.09763e-05 -6.36718e-09 -2.55785e-05 5.48074e-09 1.23504e-09 
267 -4.54709e-05 -2.51429e-05 -5.03065e-05 -2.50626e-08 -2.53305e-05 5.83695e-09 1.22509e-09 
268 -5.63026e-05 -2.48054e-05 -4.96364e-05 -3.138e-08 -2.50216e-05 6.67563e-09 1.21548e-09 
269 -7.23862e-05 -2.44731e-05 -4.89628e-05 -2.25543e-08 -2.46266e-05 7.64162e-09 1.20406e-09 
270 -7.76449e-05 -2.41453e-05 -4.82869e-05 -4.53821e-11 -2.4168e-05 8.34887e-09 1.19186e-09 
271 -3.70503e-05 -2.3824e-05 -4.76162e-05 2.86691e-08 -2.36785e-05 8.53543e-09 1.17901e-09 
272 1.4093e-07 -2.35075e-05 -4.69597e-05 5.516e-08 -2.32028e-05 8.02306e-09 1.16596e-09 
273 3.31158e-05 -2.31985e-05 -4.63261e-05 6.98517e-08 -2.28022e-05 6.93726e-09 1.15337e-09 
274 5.89868e-05 -2.28945e-05 -4.57217e-05 6.72235e-08 -2.24986e-05 5.5343e-09 1.14164e-09 
275 1.59222e-05 -2.25967e-05 -4.5146e-05 4.68084e-08 -2.22932e-05 4.23704e-09 1.13139e-09 
276 -2.84071e-05 -2.23045e-05 -4.45929e-05 1.45316e-08 -2.21713e-05 3.40824e-09 1.12279e-09 
277 -5.25873e-05 -2.20185e-05 -4.40525e-05 -2.03515e-08 -2.20526e-05 3.27805e-09 1.11516e-09 
278 -4.45099e-05 -2.17358e-05 -4.35129e-05 -4.66278e-08 -2.19035e-05 3.8679e-09 1.10776e-09 
279 -4.92488e-05 -2.14579e-05 -4.29649e-05 -5.53319e-08 -2.16525e-05 4.92303e-09 1.10044e-09 
280 -8.11042e-05 -2.11842e-05 -4.24048e-05 -4.35032e-08 -2.12999e-05 6.09538e-09 1.0921e-09 
281 -6.28461e-05 -2.09143e-05 -4.1836e-05 -1.39127e-08 -2.08627e-05 6.94238e-09 1.08307e-09 
282 -3.38256e-05 -2.06488e-05 -4.12669e-05 2.48762e-08 -2.03817e-05 7.13549e-09 1.07318e-09 
283 2.39656e-06 -2.03872e-05 -4.07101e-05 6.07204e-08 -1.99376e-05 6.51687e-09 1.0631e-09 
284 3.72174e-05 -2.01316e-05 -4.01775e-05 8.21926e-08 -1.95787e-05 5.23279e-09 1.05357e-09 
285 5.21491e-05 -1.98811e-05 -3.96777e-05 8.06895e-08 -1.93621e-05 3.58727e-09 1.04518e-09 
286 2.81342e-05 -1.96349e-05 -3.92108e-05 5.58531e-08 -1.92711e-05 2.0232e-09 1.03837e-09 
287 -1.82036e-05 -1.93947e-05 -3.87708e-05 1.34598e-08 -1.92908e-05 1.00143e-09 1.03305e-09 
288 -5.19293e-05 -1.91585e-05 -3.83452e-05 -3.54625e-08 -1.93331e-05 8.17408e-10 1.0284e-09 
289 -3.4111e-05 -1.8926e-05 -3.79186e-05 -7.57858e-08 -1.93377e-05 1.52622e-09 1.02401e-09 
290 -4.75356e-05 -1.86966e-05 -3.74784e-05 -9.58417e-08 -1.92102e-05 2.90917e-09 1.01946e-09 
291 -6.93557e-05 -1.84688e-05 -3.7017e-05 -8.85065e-08 -1.89309e-05 4.57704e-09 1.01368e-09 
292 -6.67664e-05 -1.82444e-05 -3.65353e-05 -5.49492e-08 -1.85e-05 6.03658e-09 1.00667e-09 
293 -4.60854e-05 -1.80236e-05 -3.6042e-05 -3.60023e-09 -1.79775e-05 6.81802e-09 9.97684e-10 
294 -1.25035e-05 -1.78054e-05 -3.55521e-05 5.14948e-08 -1.74349e-05 6.67316e-09 9.89099e-10 
295 2.67138e-05 -1.75909e-05 -3.50823e-05 9.42794e-08 -1.69701e-05 5.5968e-09 9.80564e-10 
296 4.87522e-05 -1.73811e-05 -3.46462e-05 1.11621e-07 -1.66633e-05 3.8432e-09 9.7362e-10 
297 4.76153e-05 -1.71758e-05 -3.42497e-05 9.78142e-08 -1.6545e-05 1.8553e-09 9.68694e-10 
298 1.08544e-05 -1.69747e-05 -3.38906e-05 5.46856e-08 -1.66003e-05 1.822e-10 9.66479e-10 
299 -2.67992e-05 -1.67775e-05 -3.35569e-05 -6.59202e-09 -1.6763e-05 -7.50243e-10 9.66442e-10 
300 -4.38927e-05 -1.65844e-05 -3.32313e-05 -6.98134e-08 -1.69359e-05 -6.89343e-10 9.68191e-10 
