1 2.2021 1.84448 4.04489 1.14417 3.70909 3.11625 1.74875 
2 1.15793 1.29153 2.93256 0.694991 2.12583 1.32379 0.590763 
3 0.749592 0.874569 1.9454 0.338762 1.21697 0.50652 0.277477 
4 0.533179 0.5979 1.30423 0.156726 0.737833 0.223032 0.139046 
5 0.400841 0.429167 0.908563 0.0710163 0.489467 0.106153 0.0789821 
6 0.312706 0.322301 0.669779 0.0332639 0.351807 0.051527 0.0490566 
7 0.250557 0.251591 0.516832 0.0155472 0.267059 0.0258017 0.0320527 
8 0.204886 0.202424 0.412374 0.00677193 0.210674 0.0126158 0.0217835 
9 0.170255 0.166535 0.33731 0.00229561 0.170865 0.00547582 0.015267 
10 0.143339 0.139362 0.281079 -4.5402e-05 0.14144 0.00155002 0.0109631 
11 0.121996 0.1182 0.237628 -0.00125565 0.118953 -0.000607126 0.00803191 
12 0.104792 0.101348 0.203243 -0.00184201 0.101322 -0.00175976 0.00598483 
13 0.0907412 0.0876894 0.175508 -0.00207882 0.0872106 -0.00232963 0.00452463 
14 0.0790675 0.0764553 0.152788 -0.00211949 0.0757242 -0.0025592 0.00346411 
15 0.0693434 0.0671015 0.13393 -0.00205218 0.0662418 -0.00259114 0.00268176 
16 0.0611675 0.0592311 0.118104 -0.00192849 0.0583192 -0.00251093 0.00209666 
17 0.0542224 0.0525485 0.104695 -0.00177879 0.0516317 -0.00237021 0.00165376 
18 0.0482003 0.0468291 0.0932392 -0.00162085 0.0459358 -0.00220028 0.00131484 
19 0.0430403 0.0418998 0.0833803 -0.0014649 0.0410465 -0.00202005 0.00105296 
20 0.0385893 0.0376246 0.0748404 -0.00131657 0.0368203 -0.00184073 0.000848818 
21 0.0347403 0.0338962 0.0674002 -0.00117873 0.0331447 -0.00166872 0.000688401 
22 0.0313743 0.030628 0.0608841 -0.00105256 0.0299303 -0.00150748 0.000561412 
23 0.0283199 0.0277502 0.0551505 -0.00093824 0.0271053 -0.00135858 0.000460208 
24 0.0256713 0.0252056 0.0500838 -0.000835394 0.0246115 -0.00122249 0.00037905 
25 0.0233889 0.0229469 0.0455889 -0.000743326 0.0224007 -0.00109901 0.000313587 
26 0.0212385 0.0209352 0.041587 -0.000661193 0.0204336 -0.000987513 0.000260501 
27 0.0194554 0.0191375 0.0380123 -0.000588101 0.0186774 -0.000887183 0.000217239 
28 0.017768 0.0175262 0.0348093 -0.000523163 0.0171043 -0.000797143 0.000181815 
29 0.0162126 0.0160781 0.0319313 -0.000465526 0.0156914 -0.000716448 0.000152684 
30 0.0149698 0.0147732 0.0293385 -0.000414405 0.0144186 -0.000644209 0.000128628 
31 0.0137405 0.0135945 0.0269969 -0.000369073 0.0132693 -0.00057958 0.000108686 
32 0.0126102 0.0125274 0.0248773 -0.000328874 0.0122292 -0.000521767 9.2096e-05 
33 0.0115763 0.0115593 0.0229545 -0.000293221 0.0112856 -0.000470038 7.82451e-05 
34 0.0107136 0.0106791 0.0212067 -0.000261589 0.0104279 -0.000423773 6.66453e-05 
35 0.00994621 0.00987752 0.0196149 -0.000233515 0.00964676 -0.000382354 5.68995e-05 
36 0.00921864 0.00914609 0.0181626 -0.000208585 0.00893408 -0.000345272 4.86888e-05 
37 0.00854728 0.00847759 0.0168352 -0.000186436 0.00828258 -0.00031206 4.1751e-05 
38 0.00792212 0.00786559 0.0156201 -0.000166746 0.00768617 -0.000282283 3.58742e-05 
39 0.00735682 0.00730449 0.0145061 -0.00014923 0.00713937 -0.000255562 3.0884e-05 
40 0.0068365 0.0067893 0.0134832 -0.000133637 0.00663721 -0.000231584 2.66359e-05 
41 0.00635268 0.00631559 0.0125427 -0.000119744 0.00617535 -0.000210039 2.3011e-05 
42 0.00588372 0.00587947 0.0116768 -0.000107356 0.00575019 -0.00019066 1.99124e-05 
43 0.00543118 0.00547744 0.0108786 -9.63015e-05 0.00535798 -0.000173219 1.72561e-05 
44 0.00503792 0.0051064 0.0101419 -8.64295e-05 0.00499597 -0.000157501 1.49761e-05 
45 0.00470528 0.00476356 0.00946122 -7.76067e-05 0.00466137 -0.000143331 1.30149e-05 
46 0.00444157 0.00444643 0.00883153 -6.97176e-05 0.00435165 -0.000130545 1.13245e-05 
47 0.0041512 0.00415275 0.00824842 -6.26555e-05 0.00406485 -0.00011899 9.86569e-06 
48 0.00391317 0.00388054 0.00770787 -5.63335e-05 0.00379896 -0.000108537 8.60464e-06 
49 0.00358106 0.00362796 0.0072063 -5.06704e-05 0.00355225 -9.90849e-05 7.51307e-06 
50 0.00332495 0.00339337 0.00674044 -4.55939e-05 0.00332295 -9.05178e-05 6.56606e-06 
51 0.00317072 0.0031753 0.00630733 -4.10404e-05 0.00310976 -8.27606e-05 5.74387e-06 
52 0.00299151 0.00297237 0.00590431 -3.69569e-05 0.0029114 -7.57204e-05 5.02909e-06 
53 0.0027386 0.00278339 0.00552894 -3.32907e-05 0.00272651 -6.9337e-05 4.40648e-06 
54 0.0025529 0.00260722 0.00517901 -3.00011e-05 0.00255419 -6.35354e-05 3.86386e-06 
55 0.00243913 0.00244286 0.00485251 -2.70468e-05 0.00239338 -5.8279e-05 3.39044e-06 
56 0.00229216 0.00228939 0.0045476 -2.43945e-05 0.00224324 -5.34924e-05 2.97681e-06 
57 0.00207695 0.00214594 0.00426258 -2.20129e-05 0.00210282 -4.91451e-05 2.6149e-06 
58 0.00201541 0.00201174 0.00399592 -1.9875e-05 0.00197144 -4.51918e-05 2.29805e-06 
59 0.00189069 0.00188608 0.00374619 -1.79542e-05 0.00184844 -4.15907e-05 2.02035e-06 
60 0.00171008 0.00176831 0.00351209 -1.62316e-05 0.00173298 -3.83114e-05 1.77643e-06 
61 0.00165438 0.00165782 0.00329243 -1.46869e-05 0.00162466 -3.53299e-05 1.56232e-06 
62 0.00152158 0.00155406 0.00308609 -1.33002e-05 0.00152291 -3.26042e-05 1.37403e-06 
63 0.00143749 0.00145651 0.00289208 -1.20562e-05 0.00142713 -3.01254e-05 1.20827e-06 
64 0.00139499 0.0013647 0.00270946 -1.09395e-05 0.00133708 -2.78585e-05 1.06248e-06 
65 0.00121562 0.00127823 0.00253737 -9.93539e-06 0.00125211 -2.57885e-05 9.33862e-07 
66 0.0012069 0.00119669 0.00237506 -9.0322e-06 0.0011719 -2.38914e-05 8.2039e-07 
67 0.00108168 0.00111973 0.00222182 -8.21608e-06 0.00109609 -2.21544e-05 7.20218e-07 
68 0.00105276 0.00104705 0.00207705 -7.47534e-06 0.00102441 -2.05569e-05 6.31791e-07 
69 0.000989767 0.000978376 0.00194022 -6.79703e-06 0.000956692 -1.90794e-05 5.53789e-07 
70 0.000886722 0.000913477 0.00181088 -6.16978e-06 0.000892465 -1.7707e-05 4.84767e-07 
71 0.00088896 0.000852177 0.00168869 -5.58021e-06 0.000831824 -1.64271e-05 4.23966e-07 
72 0.00075302 0.000794353 0.00157338 -5.01729e-06 0.000774393 -1.52134e-05 3.70199e-07 
73 0.000770394 0.000739901 0.00146485 -4.46809e-06 0.000720274 -1.40582e-05 3.22889e-07 
74 0.000634315 0.000688811 0.00136305 -3.9177e-06 0.000669368 -1.2941e-05 2.81268e-07 
75 0.00066089 0.000641125 0.00126807 -3.35638e-06 0.000621731 -1.18526e-05 2.44808e-07 
76 0.000533933 0.000596937 0.00118015 -2.77103e-06 0.00057759 -1.07722e-05 2.13063e-07 
77 0.000559283 0.000556397 0.00109962 -2.15016e-06 0.000536983 -9.68798e-06 1.85531e-07 
78 0.000447612 0.000519718 0.00102694 -1.48563e-06 0.000500308 -8.58987e-06 1.61975e-07 
79 0.00048697 0.00048717 0.000962654 -7.70277e-07 0.000467777 -7.46653e-06 1.42052e-07 
80 0.000380869 0.000459037 0.000907371 -1.98934e-09 0.000439756 -6.31572e-06 1.2557e-07 
81 0.000431887 0.000435654 0.00086173 8.18589e-07 0.000416617 -5.13588e-06 1.12351e-07 
82 0.000325106 0.000417325 0.000826357 1.68493e-06 0.000398742 -3.93001e-06 1.02274e-07 
83 0.000377449 0.000404323 0.000801801 2.58733e-06 0.00038641 -2.70772e-06 9.52106e-08 
84 0.000301616 0.000396873 0.000788458 3.50689e-06 0.000380002 -1.48226e-06 9.11288e-08 
85 0.000320209 0.000395098 0.000786526 4.42165e-06 0.000379519 -2.76505e-07 8.98891e-08 
86 0.000322436 0.000398988 0.000795938 5.30571e-06 0.000385028 8.87734e-07 9.14114e-08 
87 0.000284284 0.000408356 0.000816304 6.12917e-06 0.000396351 1.97958e-06 9.55746e-08 
88 0.000340855 0.000422883 0.000846851 6.8571e-06 0.000413139 2.96955e-06 1.02208e-07 
89 0.000290792 0.000442005 0.000886449 7.45988e-06 0.000434866 3.82857e-06 1.11096e-07 
90 0.000406649 0.000464998 0.000933567 7.90796e-06 0.000460586 4.52627e-06 1.21861e-07 
91 0.000391506 0.000490934 0.000986337 8.17567e-06 0.000489368 5.04107e-06 1.34129e-07 
92 0.000505052 0.000518762 0.00104259 8.24342e-06 0.000520066 5.35276e-06 1.47438e-07 
93 0.000536317 0.000547275 0.00109996 8.10216e-06 0.000551428 5.44929e-06 1.61228e-07 
94 0.000547716 0.000575242 0.00115596 7.75073e-06 0.000582059 5.33014e-06 1.74882e-07 
95 0.000643136 0.000601407 0.00120813 7.19763e-06 0.000610677 5.00247e-06 1.87806e-07 
96 0.00064116 0.000624576 0.00125412 6.46276e-06 0.000635933 4.48326e-06 1.99339e-07 
97 0.000763289 0.000643674 0.00129181 5.57313e-06 0.000656667 3.79563e-06 2.08877e-07 
98 0.000763162 0.000657777 0.00131944 4.56237e-06 0.000672041 2.97118e-06 2.16008e-07 
99 0.000739438 0.000666201 0.00133564 3.46911e-06 0.000681216 2.04709e-06 2.20284e-07 
100 0.000792583 0.000668439 0.00133951 2.33448e-06 0.000683733 1.06177e-06 2.21459e-07 
101 0.000749997 0.000664295 0.00133063 1.19799e-06 0.000679405 5.38745e-08 2.19454e-07 
102 0.000775062 0.000653776 0.00130908 9.88929e-08 0.000668326 -9.39274e-07 2.14359e-07 
103 0.000760415 0.00063714 0.00127536 -9.28586e-07 0.000650733 -1.88127e-06 2.06327e-07 
104 0.000655268 0.000614829 0.00123036 -1.85821e-06 0.000627147 -2.74677e-06 1.9572e-07 
105 0.000718588 0.000587456 0.00117531 -2.66792e-06 0.000598266 -3.51162e-06 1.82982e-07 
106 0.000636573 0.000555741 0.00111164 -3.34409e-06 0.000564894 -4.16082e-06 1.68608e-07 
107 0.000521314 0.000520489 0.00104094 -3.88014e-06 0.00052791 -4.68428e-06 1.53145e-07 
108 0.000544899 0.000482548 0.000964879 -4.27649e-06 0.000488193 -5.07941e-06 1.37107e-07 
109 0.000448829 0.000442741 0.0008851 -4.53827e-06 0.000446638 -5.34925e-06 1.21005e-07 
110 0.000390187 0.000401864 0.000803181 -4.67473e-06 0.000404113 -5.49971e-06 1.05283e-07 
111 0.000373123 0.000360649 0.000720579 -4.69878e-06 0.000361327 -5.54335e-06 9.03064e-08 
112 0.000294117 0.000319747 0.000638587 -4.62618e-06 0.000318998 -5.49142e-06 7.637e-08 
113 0.000246334 0.000279713 0.000558322 -4.47369e-06 0.000277746 -5.35935e-06 6.37058e-08 
114 0.000242782 0.000241007 0.000480704 -4.25657e-06 0.000237936 -5.16158e-06 5.24022e-08 
115 0.000160673 0.000203993 0.00040647 -3.9907e-06 0.00019999 -4.91203e-06 4.25273e-08 
116 0.000135871 0.000168949 0.00033617 -3.69197e-06 0.000164214 -4.6259e-06 3.40951e-08 
117 0.00012484 0.000136064 0.000270187 -3.37187e-06 0.000130787 -4.31394e-06 2.70302e-08 
118 6.37016e-05 0.000105446 0.000208758 -3.04149e-06 9.96921e-05 -3.9877e-06 2.12244e-08 
119 2.85429e-05 7.71506e-05 0.000151992 -2.70956e-06 7.10791e-05 -3.65684e-06 1.65834e-08 
120 5.00214e-05 5.11742e-05 9.98874e-05 -2.38606e-06 4.48685e-05 -3.32817e-06 1.29632e-08 
121 -1.0848e-05 2.74821e-05 5.23666e-05 -2.07387e-06 2.11382e-05 -3.0084e-06 1.02336e-08 
122 -4.40059e-05 5.99047e-06 9.27698e-06 -1.77913e-06 -3.91075e-07 -2.70103e-06 8.24617e-09 
123 7.33921e-06 -1.34039e-05 -2.95796e-05 -1.50335e-06 -1.97023e-05 -2.41003e-06 6.88313e-09 
124 -2.95337e-05 -3.08052e-05 -6.44363e-05 -1.24984e-06 -3.69879e-05 -2.13797e-06 6.02446e-09 
125 -0.000107494 -4.63487e-05 -9.55455e-05 -1.01798e-06 -5.23757e-05 -1.8854e-06 5.56064e-09 
126 -4.06647e-05 -6.01605e-05 -0.000123173 -8.08276e-07 -6.59765e-05 -1.65305e-06 5.4003e-09 
127 -6.4087e-05 -7.23766e-05 -0.000147585 -6.20036e-07 -7.7912e-05 -1.44094e-06 5.46563e-09 
128 -0.000133791 -8.31314e-05 -0.00016905 -4.52942e-07 -8.8436e-05 -1.24931e-06 5.69758e-09 
129 -9.27605e-05 -9.25394e-05 -0.000187819 -3.04737e-07 -9.75918e-05 -1.07591e-06 6.03519e-09 
130 -9.68244e-05 -0.000100741 -0.000204141 -1.75291e-07 -0.000105518 -9.2078e-07 6.43615e-09 
131 -0.000136037 -0.000107833 -0.000218245 -6.2914e-08 -0.00011233 -7.8209e-07 6.86762e-09 
132 -0.000152309 -0.000113929 -0.00023035 3.41086e-08 -0.000118141 -6.58963e-07 7.30528e-09 
133 -9.85957e-05 -0.00011913 -0.000240653 1.17751e-07 -0.000123104 -5.49963e-07 7.73297e-09 
134 -0.000118536 -0.000123526 -0.000249341 1.88822e-07 -0.000127278 -4.53764e-07 8.13524e-09 
135 -0.00017754 -0.000127198 -0.000256583 2.48398e-07 -0.000130677 -3.69199e-07 8.49459e-09 
136 -0.000115912 -0.000130226 -0.000262532 2.98791e-07 -0.00013348 -2.95201e-07 8.81558e-09 
137 -0.000122612 -0.000132679 -0.000267331 3.40065e-07 -0.00013574 -2.29753e-07 9.09416e-09 
138 -0.000155424 -0.000134617 -0.000271102 3.73475e-07 -0.000137493 -1.73138e-07 9.32705e-09 
139 -0.000175048 -0.000136101 -0.000273966 3.99874e-07 -0.000138767 -1.24158e-07 9.51043e-09 
140 -0.000110297 -0.000137179 -0.000276021 4.20568e-07 -0.000139648 -8.15878e-08 9.64957e-09 
141 -0.000117984 -0.000137897 -0.000277361 4.36511e-07 -0.000140215 -4.45446e-08 9.75106e-09 
142 -0.000172712 -0.000138299 -0.00027807 4.47523e-07 -0.000140468 -1.26742e-08 9.81365e-09 
143 -0.000145799 -0.000138421 -0.000278223 4.55009e-07 -0.00014045 1.43067e-08 9.84041e-09 
144 -0.000116454 -0.000138294 -0.000277883 4.59102e-07 -0.000140183 3.74576e-08 9.83324e-09 
145 -0.000119024 -0.00013795 -0.000277113 4.60774e-07 -0.000139708 5.76051e-08 9.79802e-09 
146 -0.000181728 -0.000137415 -0.000275965 4.59817e-07 -0.000139038 7.40659e-08 9.73537e-09 
147 -0.000125594 -0.000136712 -0.000274485 4.57444e-07 -0.000138219 8.7966e-08 9.65155e-09 
148 -0.000121623 -0.000135863 -0.000272718 4.52858e-07 -0.000137232 9.96059e-08 9.54397e-09 
149 -0.00014584 -0.000134887 -0.0002707 4.47488e-07 -0.00013616 1.0922e-07 9.42397e-09 
150 -0.000180156 -0.0001338 -0.000268464 4.40171e-07 -0.000134974 1.16775e-07 9.28836e-09 
151 -0.000110982 -0.000132619 -0.000266042 4.32438e-07 -0.000133681 1.22571e-07 9.13684e-09 
152 -0.000118686 -0.000131354 -0.000263458 4.24067e-07 -0.000132326 1.27402e-07 8.97832e-09 
153 -0.000129486 -0.00013002 -0.000260737 4.14967e-07 -0.000130887 1.30621e-07 8.80817e-09 
154 -0.000171171 -0.000128625 -0.0002579 4.05405e-07 -0.000129428 1.33004e-07 8.6363e-09 
155 -0.000102316 -0.000127181 -0.000254965 3.95335e-07 -0.000127914 1.3441e-07 8.45679e-09 
156 -0.000113287 -0.000125694 -0.00025195 3.85352e-07 -0.000126349 1.35337e-07 8.27257e-09 
157 -0.00013601 -0.000124173 -0.000248868 3.75099e-07 -0.000124781 1.35419e-07 8.08761e-09 
158 -0.000170051 -0.000122624 -0.000245733 3.64611e-07 -0.000123156 1.35083e-07 7.89857e-09 
159 -0.000107032 -0.000121053 -0.000242556 3.54594e-07 -0.000121557 1.34143e-07 7.7118e-09 
160 -0.00010509 -0.000119466 -0.000239349 3.44349e-07 -0.000119916 1.33101e-07 7.5228e-09 
161 -0.00010083 -0.000117865 -0.000236119 3.34386e-07 -0.000118292 1.31603e-07 7.3358e-09 
162 -0.000158041 -0.000116256 -0.000232874 3.24165e-07 -0.000116653 1.29915e-07 7.15024e-09 
163 -0.000119663 -0.000114643 -0.000229622 3.14488e-07 -0.000115005 1.27887e-07 6.96504e-09 
164 -9.14299e-05 -0.000113028 -0.000226368 3.04613e-07 -0.000113339 1.25877e-07 6.77962e-09 
165 -9.17258e-05 -0.000111413 -0.000223116 2.95235e-07 -0.000111727 1.23763e-07 6.6006e-09 
166 -0.000136818 -0.000109802 -0.000219873 2.85659e-07 -0.000110089 1.21537e-07 6.42234e-09 
167 -0.000128054 -0.000108196 -0.000216641 2.76516e-07 -0.000108446 1.19122e-07 6.24598e-09 
168 -5.00252e-05 -0.000106596 -0.000213424 2.67761e-07 -0.000106815 1.16459e-07 6.07237e-09 
169 -9.24652e-05 -0.000105005 -0.000210222 2.59037e-07 -0.000105202 1.14019e-07 5.90324e-09 
170 -0.000114708 -0.000103423 -0.000207039 2.50562e-07 -0.000103626 1.11527e-07 5.73949e-09 
171 -0.00014235 -0.000101849 -0.000203878 2.42367e-07 -0.000102024 1.08943e-07 5.57603e-09 
172 -8.03151e-05 -0.000100285 -0.000200737 2.34631e-07 -0.000100434 1.06252e-07 5.41535e-09 
173 -8.24409e-05 -9.87345e-05 -0.000197618 2.26679e-07 -9.88672e-05 1.03782e-07 5.25971e-09 
174 -8.92484e-05 -9.71935e-05 -0.000194523 2.19177e-07 -9.73243e-05 1.01394e-07 5.10863e-09 
175 -0.000126319 -9.56641e-05 -0.000191452 2.12149e-07 -9.57876e-05 9.88703e-08 4.96079e-09 
176 -0.00011091 -9.41455e-05 -0.000188406 2.0528e-07 -9.42677e-05 9.64128e-08 4.81642e-09 
177 -3.70503e-05 -9.26419e-05 -0.000185384 1.98717e-07 -9.27431e-05 9.40068e-08 4.67352e-09 
178 -7.84978e-05 -9.11501e-05 -0.00018239 1.9209e-07 -9.12433e-05 9.16694e-08 4.53534e-09 
179 -9.27248e-05 -8.96724e-05 -0.000179424 1.86129e-07 -8.97608e-05 8.93036e-08 4.40068e-09 
180 -0.000128699 -8.82077e-05 -0.000176488 1.80132e-07 -8.82781e-05 8.70126e-08 4.26888e-09 
181 -8.56445e-05 -8.67609e-05 -0.000173583 1.7421e-07 -8.6824e-05 8.49024e-08 4.14078e-09 
182 -6.36525e-05 -8.53287e-05 -0.000170713 1.6833e-07 -8.53713e-05 8.26715e-08 4.01587e-09 
183 -6.32798e-05 -8.39163e-05 -0.000167879 1.62987e-07 -8.39326e-05 8.03555e-08 3.89338e-09 
184 -0.000102541 -8.25222e-05 -0.000165086 1.57545e-07 -8.25444e-05 7.81163e-08 3.77667e-09 
185 -0.00011659 -8.11522e-05 -0.000162336 1.52087e-07 -8.11463e-05 7.57259e-08 3.66064e-09 
186 -6.17855e-05 -7.98029e-05 -0.000159634 1.47109e-07 -7.97723e-05 7.31639e-08 3.54958e-09 
187 -5.74565e-05 -7.84815e-05 -0.000156984 1.4164e-07 -7.843e-05 7.068e-08 3.44196e-09 
188 -5.90121e-05 -7.71848e-05 -0.00015439 1.36421e-07 -7.7137e-05 6.81469e-08 3.33975e-09 
189 -0.000100526 -7.59219e-05 -0.000151854 1.31506e-07 -7.58473e-05 6.55495e-08 3.2395e-09 
190 -0.000111518 -7.46858e-05 -0.000149382 1.26672e-07 -7.46192e-05 6.30029e-08 3.14528e-09 
191 -4.84101e-05 -7.34849e-05 -0.000146976 1.21798e-07 -7.34106e-05 6.05751e-08 3.05396e-09 
192 -5.50837e-05 -7.23179e-05 -0.000144639 1.16839e-07 -7.22388e-05 5.8257e-08 2.96676e-09 
193 -5.42872e-05 -7.11856e-05 -0.000142373 1.12466e-07 -7.10915e-05 5.58458e-08 2.88244e-09 
194 -9.2728e-05 -7.00889e-05 -0.000140178 1.07919e-07 -7.00006e-05 5.35594e-08 2.80326e-09 
195 -9.94095e-05 -6.90283e-05 -0.000138056 1.03618e-07 -6.89523e-05 5.12796e-08 2.72812e-09 
196 -4.78674e-05 -6.80042e-05 -0.000136005 9.9875e-08 -6.79283e-05 4.90163e-08 2.65573e-09 
197 -4.56226e-05 -6.70143e-05 -0.000134024 9.6197e-08 -6.69539e-05 4.67548e-08 2.58688e-09 
198 -4.85707e-05 -6.60584e-05 -0.000132112 9.25827e-08 -6.59924e-05 4.47573e-08 2.52049e-09 
199 -8.52859e-05 -6.51354e-05 -0.000130264 8.88092e-08 -6.50738e-05 4.28492e-08 2.45784e-09 
200 -0.000102395 -6.42426e-05 -0.000128478 8.54651e-08 -6.41895e-05 4.11788e-08 2.39824e-09
