1 3.19235 1.72486 3.24124 0.827402 3.60204 3.17218 2.78283 
2 1.68319 1.40142 2.92398 0.744113 2.57248 1.89547 1.05856 
3 1.09136 1.09571 2.36806 0.510218 1.76728 1.00456 0.555686 
4 0.777214 0.83445 1.82594 0.314159 1.19151 0.512289 0.306496 
5 0.584877 0.633241 1.37787 0.179858 0.81395 0.268316 0.176159 
6 0.456661 0.486314 1.04086 0.0977906 0.576019 0.142132 0.108352 
7 0.366176 0.380493 0.800555 0.0514438 0.425523 0.0745088 0.0708053 
8 0.299624 0.30407 0.630918 0.0260377 0.327081 0.0385033 0.0482505 
9 0.249123 0.24811 0.509317 0.0121824 0.259853 0.0191116 0.0339205 
10 0.209823 0.2062 0.419926 0.00465518 0.211944 0.00835226 0.0244562 
11 0.178658 0.17401 0.352317 0.000584023 0.176431 0.00227589 0.0179975 
12 0.153526 0.148692 0.299765 -0.00159171 0.149209 -0.00114914 0.0134698 
13 0.132967 0.128366 0.257946 -0.00270836 0.127777 -0.00303134 0.0102257 
14 0.115954 0.111764 0.224018 -0.00322124 0.110542 -0.00400033 0.00785923 
15 0.101733 0.0980084 0.196057 -0.0033864 0.0964421 -0.00442063 0.00610557 
16 0.0897289 0.0864746 0.172711 -0.00335212 0.0847444 -0.00451352 0.00478871 
17 0.0795268 0.0767059 0.153005 -0.00320647 0.0749237 -0.00441255 0.0037879 
18 0.0707801 0.0683602 0.136217 -0.00300242 0.0665956 -0.00420214 0.00301938 
19 0.063243 0.0611764 0.121799 -0.00277215 0.0594711 -0.00393395 0.00242357 
20 0.0567254 0.0549514 0.109329 -0.00253512 0.0533297 -0.0036409 0.00195774 
21 0.0510265 0.0495255 0.0984778 -0.00230284 0.0479999 -0.00334305 0.0015907 
22 0.0460429 0.044771 0.0889818 -0.00208187 0.0433467 -0.00305235 0.00129941 
23 0.0416529 0.040585 0.0806306 -0.00187571 0.0392622 -0.0027759 0.00106674 
24 0.0377808 0.0368835 0.0732531 -0.00168585 0.0356597 -0.00251756 0.000879789 
25 0.0343473 0.0335975 0.066709 -0.0015126 0.0324683 -0.00227881 0.000728715 
26 0.0312944 0.0306699 0.0608827 -0.00135554 0.02963 -0.00205999 0.000606001 
27 0.0285687 0.028053 0.0556775 -0.00121383 0.0270963 -0.00186064 0.00050584 
28 0.0261324 0.0257065 0.0510127 -0.0010864 0.0248272 -0.00167979 0.000423718 
29 0.0239404 0.0235966 0.0468199 -0.000972097 0.0227888 -0.00151623 0.0003561 
30 0.0219752 0.0216944 0.0430413 -0.000869758 0.0209524 -0.00136863 0.000300201 
31 0.020199 0.0199753 0.0396274 -0.000778242 0.0192937 -0.00123564 0.000253817 
32 0.018594 0.0184181 0.0365358 -0.000696476 0.0177919 -0.00111593 0.000215193 
33 0.0171394 0.0170045 0.0337299 -0.000623458 0.016429 -0.00100826 0.000182922 
34 0.0158194 0.0157187 0.0311781 -0.000558273 0.0151895 -0.000911441 0.000155874 
35 0.0146188 0.0145469 0.0288529 -0.000500084 0.0140601 -0.000824395 0.000133136 
36 0.0135249 0.0134771 0.0267304 -0.000448139 0.013029 -0.000746128 0.000113966 
37 0.0125268 0.0124988 0.0247895 -0.000401761 0.012086 -0.00067574 9.7761e-05 
38 0.0116142 0.0116026 0.0230119 -0.00036034 0.0112222 -0.000612415 8.40269e-05 
39 0.0107777 0.0107806 0.0213813 -0.000323333 0.0104297 -0.000555419 7.23583e-05 
40 0.0100116 0.0100253 0.0198834 -0.000290256 0.00970147 -0.000504095 6.24216e-05 
41 0.00930648 0.00933052 0.0185054 -0.000260679 0.00903141 -0.00045785 5.39408e-05 
42 0.00865812 0.00869051 0.0172361 -0.000234219 0.00841404 -0.000416153 4.66871e-05 
43 0.0080625 0.00810022 0.0160655 -0.000210532 0.0078445 -0.000378535 4.04706e-05 
44 0.00751278 0.00755515 0.0149845 -0.00018932 0.00731844 -0.000344573 3.51326e-05 
45 0.00700473 0.00705127 0.0139852 -0.000170311 0.00683198 -0.000313891 3.05404e-05 
46 0.00653368 0.00658492 0.0130604 -0.00015327 0.00638165 -0.000286149 2.65829e-05 
47 0.00609946 0.00615291 0.0122036 -0.000137982 0.00596432 -0.000261051 2.31666e-05 
48 0.00569802 0.00575227 0.011409 -0.000124262 0.00557718 -0.000238328 2.02127e-05 
49 0.00532866 0.00538032 0.0106714 -0.000111942 0.00521769 -0.000217742 1.76547e-05 
50 0.00497955 0.00503477 0.00998601 -0.000100874 0.00488354 -0.000199078 1.54363e-05 
51 0.00466155 0.00471338 0.0093486 -9.09266e-05 0.00457269 -0.000182147 1.35096e-05 
52 0.00435933 0.00441423 0.00875526 -8.19826e-05 0.00428322 -0.000166779 1.1834e-05 
53 0.00407962 0.00413556 0.00820244 -7.39385e-05 0.00401344 -0.000152819 1.03749e-05 
54 0.0038216 0.00387569 0.00768696 -6.67009e-05 0.00376177 -0.000140132 9.10268e-06 
55 0.00358003 0.00363318 0.00720586 -6.01866e-05 0.0035268 -0.000128597 7.99209e-06 
56 0.00335816 0.00340669 0.00675649 -5.43235e-05 0.00330722 -0.0001181 7.02149e-06 
57 0.00314623 0.00319497 0.0063364 -4.90449e-05 0.00310184 -0.000108545 6.17223e-06 
58 0.0029519 0.00299692 0.00594333 -4.42927e-05 0.00290958 -9.98431e-05 5.4284e-06 
59 0.00276593 0.00281145 0.00557526 -4.00148e-05 0.00272943 -9.1911e-05 4.77619e-06 
60 0.00259787 0.00263767 0.00523028 -3.61639e-05 0.00256048 -8.46784e-05 4.20377e-06 
61 0.00243227 0.00247467 0.00490666 -3.26979e-05 0.0024019 -7.80767e-05 3.70091e-06 
62 0.00228003 0.00232166 0.00460282 -2.9579e-05 0.0022529 -7.20474e-05 3.25876e-06 
63 0.00213744 0.0021779 0.00431727 -2.6773e-05 0.00211279 -6.65345e-05 2.86965e-06 
64 0.00200542 0.0020427 0.00404869 -2.42484e-05 0.00198092 -6.149e-05 2.52698e-06 
65 0.00189073 0.00191547 0.00379583 -2.19753e-05 0.00185671 -5.68679e-05 2.22501e-06 
66 0.00176078 0.00179561 0.00355756 -1.99277e-05 0.0017396 -5.26265e-05 1.95871e-06 
67 0.00166437 0.00168258 0.00333287 -1.80796e-05 0.00162909 -4.87301e-05 1.72374e-06 
68 0.00154244 0.00157597 0.00312083 -1.6409e-05 0.00152477 -4.51428e-05 1.51637e-06 
69 0.0014403 0.00147533 0.00292061 -1.48904e-05 0.00142622 -4.18349e-05 1.33329e-06 
70 0.00135048 0.00138027 0.00273148 -1.35039e-05 0.00133308 -3.87744e-05 1.17161e-06 
71 0.00125555 0.00129049 0.00255284 -1.22284e-05 0.00124501 -3.59365e-05 1.02883e-06 
72 0.00115183 0.00120571 0.00238415 -1.10414e-05 0.00116185 -3.3293e-05 9.02851e-07 
73 0.00108794 0.00112572 0.00222503 -9.92486e-06 0.00108331 -3.08178e-05 7.91683e-07 
74 0.00111131 0.00105036 0.00207516 -8.85953e-06 0.00100916 -2.84902e-05 6.93603e-07 
75 0.000920873 0.000979495 0.00193437 -7.82536e-06 0.00093942 -2.62831e-05 6.07267e-07 
76 0.000821846 0.000913121 0.00180261 -6.80492e-06 0.000873999 -2.41722e-05 5.31359e-07 
77 0.000937176 0.000851211 0.00167992 -5.78111e-06 0.000812978 -2.21361e-05 4.64842e-07 
78 0.00071856 0.000793856 0.00156648 -4.74032e-06 0.000756357 -2.01533e-05 4.06702e-07 
79 0.000639115 0.000741153 0.00146253 -3.66942e-06 0.000704278 -1.82072e-05 3.56145e-07 
80 0.000766053 0.000693275 0.00136843 -2.55736e-06 0.000657054 -1.62777e-05 3.12555e-07 
81 0.000579533 0.000650437 0.00128461 -1.39577e-06 0.000614851 -1.43566e-05 2.75314e-07 
82 0.000450529 0.000612835 0.00121151 -1.83791e-07 0.000578001 -1.24332e-05 2.43947e-07 
83 0.000588343 0.000580742 0.00114961 1.07638e-06 0.000546785 -1.05042e-05 2.18054e-07 
84 0.000495668 0.000554379 0.00109932 2.38014e-06 0.000521517 -8.57373e-06 1.97315e-07 
85 0.000304004 0.000533947 0.00106102 3.71229e-06 0.00050241 -6.64923e-06 1.81409e-07 
86 0.000422201 0.000519572 0.00103492 5.05686e-06 0.000489677 -4.74467e-06 1.70078e-07 
87 0.000465806 0.000511353 0.00102109 6.38739e-06 0.000483474 -2.88023e-06 1.63117e-07 
88 0.000280541 0.000509248 0.0010194 7.67963e-06 0.000483781 -1.07899e-06 1.60273e-07 
89 0.000283438 0.000513102 0.00102944 8.8988e-06 0.000490407 6.29734e-07 1.61265e-07 
90 0.0004549 0.000522641 0.00105055 1.00093e-05 0.000503129 2.21401e-06 1.65847e-07 
91 0.00038959 0.00053741 0.00108178 1.09803e-05 0.000521434 3.6417e-06 1.73649e-07 
92 0.00027923 0.000556813 0.00112185 1.17731e-05 0.000544679 4.88246e-06 1.84293e-07 
93 0.000438928 0.000580102 0.00116924 1.23604e-05 0.000571974 5.90685e-06 1.97273e-07 
94 0.000587749 0.000606404 0.00122214 1.27153e-05 0.000602488 6.68992e-06 2.1216e-07 
95 0.000504266 0.000634708 0.00127857 1.28175e-05 0.000635015 7.21242e-06 2.28293e-07 
96 0.000505446 0.00066393 0.00133637 1.26597e-05 0.000668366 7.46539e-06 2.45066e-07 
97 0.000725652 0.000692923 0.00139331 1.22363e-05 0.000701325 7.44372e-06 2.61813e-07 
98 0.000838484 0.000720541 0.00144717 1.15579e-05 0.000732607 7.15585e-06 2.77853e-07 
99 0.000756609 0.000745668 0.00149582 1.0641e-05 0.000760985 6.61383e-06 2.92489e-07 
100 0.000782798 0.000767267 0.00153726 9.51413e-06 0.000785341 5.84513e-06 3.05133e-07 
101 0.00098362 0.000784402 0.00156976 8.21069e-06 0.000804699 4.8784e-06 3.15227e-07 
102 0.00105657 0.000796304 0.00159185 6.76847e-06 0.000818225 3.75164e-06 3.22293e-07 
103 0.000926619 0.000802369 0.00160243 5.23532e-06 0.00082528 2.50566e-06 3.25988e-07 
104 0.000901225 0.000802206 0.00160077 3.65561e-06 0.000825484 1.18562e-06 3.26122e-07 
105 0.00103205 0.000795612 0.00158652 2.07457e-06 0.000818683 -1.67255e-07 3.2264e-07 
106 0.00106829 0.000782595 0.0015597 5.35056e-07 0.000804879 -1.50779e-06 3.15578e-07 
107 0.000899985 0.00076334 0.00152073 -9.2156e-07 0.000784362 -2.79991e-06 3.05179e-07 
108 0.000789414 0.000738231 0.00147032 -2.26401e-06 0.00075756 -4.00588e-06 2.91769e-07 
109 0.000849063 0.000707776 0.00140949 -3.46339e-06 0.000725077 -5.10034e-06 2.75775e-07 
110 0.000893926 0.000672613 0.00133944 -4.50147e-06 0.000687643 -6.05967e-06 2.57699e-07 
111 0.000735211 0.000633453 0.00126156 -5.36489e-06 0.000646022 -6.86945e-06 2.38067e-07 
112 0.000556618 0.000591065 0.00117734 -6.04837e-06 0.000601088 -7.52153e-06 2.17445e-07 
113 0.000538233 0.00054625 0.00108831 -6.55516e-06 0.000553708 -8.01361e-06 1.96397e-07 
114 0.000606118 0.000499768 0.000995975 -6.88886e-06 0.000504736 -8.34791e-06 1.7541e-07 
115 0.000536103 0.000452381 0.000901796 -7.06263e-06 0.000454965 -8.53309e-06 1.54953e-07 
116 0.000340898 0.000404776 0.000807126 -7.09215e-06 0.000405085 -8.58064e-06 1.35388e-07 
117 0.000242571 0.000357586 0.000713192 -6.99446e-06 0.000355864 -8.50602e-06 1.17088e-07 
118 0.000293339 0.000311357 0.000621077 -6.78796e-06 0.000307758 -8.32431e-06 1.00232e-07 
119 0.000332203 0.000266546 0.000531702 -6.49231e-06 0.000261348 -8.05318e-06 8.50164e-08 
120 0.000222687 0.000223528 0.000445826 -6.12825e-06 0.000216903 -7.70873e-06 7.14812e-08 
121 5.65124e-05 0.000182605 0.000364043 -5.7123e-06 0.000174847 -7.30877e-06 5.96922e-08 
122 1.92333e-05 0.000143996 0.0002868 -5.2609e-06 0.000135281 -6.86815e-06 4.95837e-08 
123 0.000103823 0.000107843 0.000214404 -4.78893e-06 9.83924e-05 -6.40127e-06 4.1086e-08 
124 0.000130076 7.42228e-05 0.000147027 -4.30947e-06 6.4213e-05 -5.92064e-06 3.4091e-08 
125 1.72653e-05 4.31718e-05 8.4744e-05 -3.83407e-06 3.27935e-05 -5.43678e-06 2.84555e-08 
126 -0.000114554 1.4665e-05 2.75301e-05 -3.36974e-06 4.05389e-06 -4.95866e-06 2.40325e-08 
127 -0.000123612 -1.13578e-05 -2.47126e-05 -2.92506e-06 -2.20376e-05 -4.49317e-06 2.06635e-08 
128 -3.14514e-05 -3.49756e-05 -7.21467e-05 -2.50367e-06 -4.5639e-05 -4.04611e-06 1.82033e-08 
129 7.44429e-06 -5.62933e-05 -0.000114978 -2.10923e-06 -6.68262e-05 -3.62174e-06 1.64998e-08 
130 -8.03212e-05 -7.54368e-05 -0.000153443 -1.74381e-06 -8.57723e-05 -3.22255e-06 1.54189e-08 
131 -0.000202172 -9.25425e-05 -0.000187805 -1.40967e-06 -0.000102627 -2.85084e-06 1.48398e-08 
132 -0.000223486 -0.000107748 -0.000218332 -1.10428e-06 -0.000117503 -2.50681e-06 1.46433e-08 
133 -0.000125222 -0.000121187 -0.000245307 -8.28226e-07 -0.000130604 -2.19072e-06 1.47419e-08 
134 -5.73223e-05 -0.000133 -0.000269005 -5.81012e-07 -0.000142024 -1.90202e-06 1.50491e-08 
135 -0.000111781 -0.000143326 -0.000289697 -3.60253e-07 -0.000151933 -1.64014e-06 1.55006e-08 
136 -0.000225193 -0.000152292 -0.000307641 -1.63816e-07 -0.000160486 -1.40354e-06 1.6041e-08 
137 -0.000273879 -0.000160019 -0.000323088 9.44475e-09 -0.000167774 -1.1906e-06 1.66196e-08 
138 -0.000203863 -0.000166626 -0.000336271 1.61002e-07 -0.000173949 -1.00027e-06 1.72108e-08 
139 -0.000111187 -0.000172214 -0.000347408 2.93794e-07 -0.000179105 -8.30086e-07 1.77827e-08 
140 -0.000103622 -0.000176897 -0.000356699 4.08211e-07 -0.000183366 -6.79468e-07 1.83182e-08 
141 -0.00020013 -0.000180753 -0.000364337 5.05729e-07 -0.000186807 -5.46342e-07 1.8802e-08 
142 -0.000284702 -0.000183877 -0.000370492 5.88197e-07 -0.000189497 -4.28982e-07 1.92213e-08 
143 -0.000268611 -0.000186337 -0.000375322 6.5649e-07 -0.000191572 -3.26104e-07 1.95835e-08 
144 -0.000164131 -0.000188211 -0.000378967 7.12851e-07 -0.00019309 -2.36145e-07 1.98792e-08 
145 -9.9075e-05 -0.00018956 -0.00038156 7.56733e-07 -0.000194074 -1.57989e-07 2.01038e-08 
146 -0.000148907 -0.000190442 -0.00038322 7.90505e-07 -0.00019462 -9.0176e-08 2.02671e-08 
147 -0.000243835 -0.000190909 -0.00038405 8.14852e-07 -0.000194775 -3.16334e-08 2.03708e-08 
148 -0.000266606 -0.000191013 -0.000384145 8.32476e-07 -0.000194589 1.86674e-08 2.04135e-08 
149 -0.00026909 -0.00019079 -0.000383594 8.42303e-07 -0.000194079 6.21603e-08 2.04034e-08 
150 -0.000158653 -0.00019028 -0.000382472 8.46283e-07 -0.00019331 9.88599e-08 2.03429e-08 
151 -4.71128e-05 -0.00018952 -0.000380848 8.4651e-07 -0.000192309 1.3003e-07 2.02401e-08 
152 -0.000162833 -0.000188538 -0.000378784 8.41749e-07 -0.00019109 1.56582e-07 2.00915e-08 
153 -0.00023448 -0.000187361 -0.000376337 8.33702e-07 -0.000189699 1.78482e-07 1.99092e-08 
154 -0.000254181 -0.000186012 -0.000373555 8.2336e-07 -0.000188179 1.96488e-07 1.96963e-08 
155 -0.000272004 -0.000184526 -0.000370481 8.11821e-07 -0.000186501 2.11497e-07 1.94545e-08 
156 -0.000167122 -0.000182902 -0.000367157 7.97907e-07 -0.000184708 2.23755e-07 1.91872e-08 
157 -5.62006e-05 -0.000181174 -0.000363618 7.81566e-07 -0.0001828 2.3324e-07 1.88922e-08 
158 -0.000131415 -0.000179351 -0.000359894 7.64878e-07 -0.000180849 2.40178e-07 1.85878e-08 
159 -0.000217488 -0.000177449 -0.000356015 7.46999e-07 -0.000178801 2.45496e-07 1.82648e-08 
160 -0.000233779 -0.000175477 -0.000352003 7.29385e-07 -0.000176703 2.49193e-07 1.79309e-08 
161 -0.000264072 -0.00017345 -0.000347884 7.09489e-07 -0.000174581 2.51276e-07 1.75907e-08 
162 -0.000199007 -0.000171374 -0.000343675 6.90095e-07 -0.000172388 2.52159e-07 1.72406e-08 
163 -6.14346e-05 -0.000169264 -0.000339393 6.69938e-07 -0.000170183 2.51902e-07 1.6884e-08 
164 -7.62795e-05 -0.000167127 -0.000335058 6.49989e-07 -0.000167967 2.50549e-07 1.65299e-08 
165 -0.00017747 -0.000164961 -0.000330678 6.29789e-07 -0.000165723 2.48458e-07 1.61706e-08 
166 -0.000211446 -0.000162778 -0.000326269 6.10297e-07 -0.0001635 2.45846e-07 1.58185e-08 
167 -0.000233684 -0.00016059 -0.000321838 5.9101e-07 -0.000161246 2.42927e-07 1.54592e-08 
168 -0.000235474 -0.00015839 -0.000317398 5.71729e-07 -0.000158994 2.3915e-07 1.51051e-08 
169 -0.000113635 -0.00015619 -0.000312956 5.5383e-07 -0.000156737 2.35475e-07 1.47543e-08 
170 -1.81004e-05 -0.00015399 -0.000308517 5.37269e-07 -0.000154512 2.31436e-07 1.44107e-08 
171 -9.98082e-05 -0.000151791 -0.00030409 5.1974e-07 -0.00015227 2.27242e-07 1.40672e-08 
172 -0.00018706 -0.000149604 -0.000299678 5.03906e-07 -0.000150046 2.2291e-07 1.37324e-08 
173 -0.000200342 -0.000147427 -0.000295287 4.88703e-07 -0.000147846 2.18681e-07 1.34014e-08 
174 -0.000219453 -0.000145256 -0.000290921 4.73403e-07 -0.000145654 2.14099e-07 1.30779e-08 
175 -0.0001961 -0.0001431 -0.000286581 4.58409e-07 -0.000143456 2.09619e-07 1.27561e-08 
176 -8.29819e-05 -0.00014096 -0.00028227 4.4526e-07 -0.000141283 2.05069e-07 1.24446e-08 
177 -2.54338e-05 -0.000138833 -0.000277993 4.31304e-07 -0.000139132 2.00416e-07 1.2137e-08 
178 -9.76201e-05 -0.000136722 -0.000273749 4.18403e-07 -0.000136981 1.96072e-07 1.18363e-08 
179 -0.000168061 -0.000134629 -0.000269539 4.0579e-07 -0.000134887 1.91439e-07 1.15446e-08 
180 -0.000183265 -0.000132554 -0.000265366 3.9298e-07 -0.000132779 1.86767e-07 1.12567e-08 
181 -0.000207023 -0.0001305 -0.000261231 3.80726e-07 -0.000130701 1.82431e-07 1.09773e-08 
182 -0.000189745 -0.000128463 -0.000257135 3.68567e-07 -0.00012862 1.77974e-07 1.07005e-08 
183 -7.72781e-05 -0.000126446 -0.000253078 3.57835e-07 -0.000126578 1.73584e-07 1.04334e-08 
184 -4.03529e-06 -0.000124448 -0.000249063 3.45841e-07 -0.000124555 1.69043e-07 1.01734e-08 
185 -6.61913e-05 -0.00012247 -0.00024509 3.35578e-07 -0.000122578 1.64777e-07 9.92151e-09 
186 -0.000146778 -0.000120513 -0.00024116 3.25324e-07 -0.000120573 1.60354e-07 9.67315e-09 
187 -0.000164134 -0.00011858 -0.000237279 3.14516e-07 -0.000118617 1.56054e-07 9.43293e-09 
188 -0.000182943 -0.000116671 -0.000233445 3.04692e-07 -0.000116691 1.51883e-07 9.19966e-09 
189 -0.000192899 -0.000114787 -0.000229663 2.94365e-07 -0.000114794 1.47617e-07 8.97234e-09 
190 -0.000111855 -0.000112928 -0.000225934 2.84921e-07 -0.000112906 1.43352e-07 8.74898e-09 
191 -7.58994e-06 -0.000111097 -0.000222263 2.74222e-07 -0.000111061 1.39085e-07 8.53577e-09 
192 -1.39051e-05 -0.000109296 -0.000218651 2.65345e-07 -0.000109237 1.34968e-07 8.32867e-09 
193 -9.70759e-05 -0.000107526 -0.000215104 2.55345e-07 -0.000107456 1.30725e-07 8.12762e-09 
194 -0.00014369 -0.000105789 -0.000211625 2.45432e-07 -0.000105702 1.26636e-07 7.93279e-09 
195 -0.000155886 -0.000104087 -0.000208217 2.36132e-07 -0.000103994 1.22549e-07 7.74647e-09 
196 -0.00017527 -0.000102422 -0.000204882 2.26435e-07 -0.000102301 1.18446e-07 7.56384e-09 
197 -0.000157031 -0.000100796 -0.000201625 2.16794e-07 -0.00010064 1.14337e-07 7.3858e-09 
198 -6.7562e-05 -9.92068e-05 -0.000198449 2.0651e-07 -9.90512e-05 1.10376e-07 7.21819e-09 
199 1.1503e-05 -9.76597e-05 -0.000195355 1.97024e-07 -9.74918e-05 1.06503e-07 7.05777e-09 
200 -1.19696e-05 -9.61543e-05 -0.000192342 1.87836e-07 -9.59622e-05 1.02689e-07 6.90072e-09 
201 -9.82897e-05 -9.4691e-05 -0.000189414 1.79067e-07 -9.4486e-05 9.87866e-08 6.75001e-09 
202 -0.00013815 -9.32679e-05 -0.000186571 1.71276e-07 -9.30496e-05 9.51247e-08 6.60732e-09 
203 -0.000139848 -9.18879e-05 -0.000183811 1.6386e-07 -9.16366e-05 9.14414e-08 6.4685e-09 
204 -0.000169339 -9.05511e-05 -0.000181134 1.57107e-07 -9.02845e-05 8.8066e-08 6.3356e-09 
205 -0.000153503 -8.92542e-05 -0.000178538 1.51108e-07 -8.89612e-05 8.45009e-08 6.20667e-09 
206 -5.10832e-05 -8.79974e-05 -0.000176018 1.46461e-07 -8.76906e-05 8.12805e-08 6.08451e-09 
207 2.42439e-05 -8.67754e-05 -0.000173572 1.43087e-07 -8.64522e-05 7.80205e-08 5.9675e-09 
208 -1.89908e-06 -8.55894e-05 -0.000171198 1.39745e-07 -8.52473e-05 7.4997e-08 5.85397e-09 
209 -7.62094e-05 -8.44394e-05 -0.000168888 1.38272e-07 -8.40797e-05 7.2037e-08 5.74509e-09 
210 -0.00012284 -8.33178e-05 -0.000166642 1.36133e-07 -8.29603e-05 6.93233e-08 5.64078e-09 
211 -0.000131849 -8.22256e-05 -0.000164452 1.34393e-07 -8.18536e-05 6.66912e-08 5.53973e-09 
212 -0.000147175 -8.11581e-05 -0.000162312 1.33649e-07 -8.07975e-05 6.41433e-08 5.44378e-09 
213 -0.000159325 -8.01151e-05 -0.00016022 1.32603e-07 -7.97584e-05 6.17705e-08 5.35093e-09 
214 -7.84402e-05 -7.90929e-05 -0.000158171 1.3022e-07 -7.87606e-05 5.96405e-08 5.26023e-09 
215 1.83964e-05 -7.80866e-05 -0.000156157 1.28113e-07 -7.77625e-05 5.76203e-08 5.17414e-09 
216 2.49629e-05 -7.70964e-05 -0.000154176 1.25544e-07 -7.6799e-05 5.57583e-08 5.09182e-09 
217 -3.92742e-05 -7.61221e-05 -0.000152222 1.21948e-07 -7.58624e-05 5.40062e-08 5.0104e-09 
218 -0.000100838 -7.51556e-05 -0.000150293 1.18491e-07 -7.49437e-05 5.25098e-08 4.93456e-09 
219 -0.000114612 -7.42022e-05 -0.000148383 1.14509e-07 -7.40127e-05 5.09871e-08 4.85858e-09 
220 -0.000123037 -7.32556e-05 -0.00014649 1.10999e-07 -7.31139e-05 4.96544e-08 4.7851e-09 
221 -0.000163088 -7.23172e-05 -0.000144612 1.07295e-07 -7.22299e-05 4.8451e-08 4.71434e-09 
222 -0.000110903 -7.13835e-05 -0.000142747 1.03542e-07 -7.13492e-05 4.74004e-08 4.64623e-09 
223 -4.20971e-05 -7.04562e-05 -0.000140893 9.9079e-08 -7.04658e-05 4.62808e-08 4.57773e-09 
224 2.25944e-05 -6.95326e-05 -0.000139048 9.52597e-08 -6.95893e-05 4.52241e-08 4.51121e-09 
225 4.06208e-05 -6.86154e-05 -0.000137212 9.21815e-08 -6.87449e-05 4.43045e-08 4.44602e-09 
226 -5.22182e-05 -6.76992e-05 -0.000135385 8.84171e-08 -6.78689e-05 4.34635e-08 4.38334e-09 
227 -0.000111478 -6.67911e-05 -0.000133565 8.60696e-08 -6.69808e-05 4.27399e-08 4.31782e-09 
228 -9.61271e-05 -6.5884e-05 -0.000131755 8.37885e-08 -6.61414e-05 4.19813e-08 4.25757e-09 
229 -0.000122119 -6.49846e-05 -0.000129953 8.1828e-08 -6.52792e-05 4.13908e-08 4.19395e-09 
230 -0.000146421 -6.4087e-05 -0.000128162 8.00336e-08 -6.44128e-05 4.07606e-08 4.13449e-09 
231 -0.000107053 -6.31983e-05 -0.000126382 7.76352e-08 -6.35386e-05 4.01488e-08 4.07242e-09 
232 -3.61922e-05 -6.2313e-05 -0.000124614 7.59175e-08 -6.26675e-05 3.95002e-08 4.01231e-09 
233 3.12186e-05 -6.14369e-05 -0.000122859 7.38161e-08 -6.17964e-05 3.90112e-08 3.95233e-09 
234 3.77564e-05 -6.05661e-05 -0.000121118 7.15298e-08 -6.09294e-05 3.83844e-08 3.89402e-09 
235 -1.99795e-05 -5.97016e-05 -0.000119392 6.94123e-08 -6.00465e-05 3.78104e-08 3.83575e-09 
236 -0.000109227 -5.88469e-05 -0.000117682 6.7831e-08 -5.91802e-05 3.72879e-08 3.77929e-09 
237 -8.46309e-05 -5.80017e-05 -0.00011599 6.5443e-08 -5.83186e-05 3.66332e-08 3.72165e-09 
238 -0.000108871 -5.71638e-05 -0.000114314 6.3505e-08 -5.74375e-05 3.60203e-08 3.66632e-09 
239 -0.000130413 -5.63366e-05 -0.000112659 6.23545e-08 -5.65673e-05 3.53046e-08 3.61268e-09 
240 -0.000119011 -5.55192e-05 -0.000111022 6.12171e-08 -5.57091e-05 3.45402e-08 3.55896e-09 
241 -4.83786e-05 -5.47106e-05 -0.000109407 5.96571e-08 -5.48936e-05 3.36508e-08 3.5083e-09 
242 1.21545e-05 -5.39152e-05 -0.000107813 5.813e-08 -5.40371e-05 3.28141e-08 3.45743e-09 
243 5.16408e-05 -5.31289e-05 -0.000106241 5.55068e-08 -5.32234e-05 3.18475e-08 3.4078e-09 
244 2.75416e-05 -5.23532e-05 -0.000104693 5.29074e-08 -5.2415e-05 3.09051e-08 3.361e-09 
245 -6.91012e-05 -5.15912e-05 -0.000103165 5.09331e-08 -5.16543e-05 2.99791e-08 3.31419e-09 
246 -8.83796e-05 -5.08401e-05 -0.000101661 4.8868e-08 -5.08724e-05 2.91325e-08 3.26801e-09 
247 -8.65882e-05 -5.00983e-05 -0.00010018 4.75176e-08 -5.01143e-05 2.83316e-08 3.22573e-09 
248 -0.000103673 -4.93691e-05 -9.8722e-05 4.62631e-08 -4.93546e-05 2.75146e-08 3.1824e-09 
249 -0.000140084 -4.86521e-05 -9.72855e-05 4.65613e-08 -4.86383e-05 2.67196e-08 3.14225e-09 
250 -8.72387e-05 -4.79476e-05 -9.58736e-05 4.62588e-08 -4.79207e-05 2.58988e-08 3.10089e-09 
251 -2.97643e-05 -4.72546e-05 -9.44852e-05 4.5477e-08 -4.72161e-05 2.51051e-08 3.06166e-09 
252 2.78042e-05 -4.65717e-05 -9.31212e-05 4.37304e-08 -4.65239e-05 2.42352e-08 3.02415e-09 
253 7.55897e-05 -4.5901e-05 -9.17801e-05 4.17386e-08 -4.58585e-05 2.34789e-08 2.9875e-09 
254 1.63632e-05 -4.52432e-05 -9.04629e-05 3.94299e-08 -4.52039e-05 2.27937e-08 2.95152e-09 
255 -5.22787e-05 -4.45958e-05 -8.91685e-05 3.69076e-08 -4.4557e-05 2.21309e-08 2.91799e-09 
256 -9.05977e-05 -4.39588e-05 -8.78961e-05 3.48268e-08 -4.39121e-05 2.15123e-08 2.88377e-09 
257 -6.1822e-05 -4.33328e-05 -8.66452e-05 3.37137e-08 -4.33065e-05 2.10335e-08 2.85235e-09 
258 -0.000105363 -4.27191e-05 -8.54152e-05 3.36765e-08 -4.26767e-05 2.04943e-08 2.81998e-09 
259 -0.000116885 -4.21163e-05 -8.42069e-05 3.43407e-08 -4.20645e-05 1.99748e-08 2.78852e-09 
260 -9.37565e-05 -4.15234e-05 -8.30186e-05 3.59513e-08 -4.14644e-05 1.94069e-08 2.75832e-09 
261 -3.12262e-05 -4.09407e-05 -8.18524e-05 3.6901e-08 -4.08767e-05 1.88601e-08 2.72908e-09 
262 2.66375e-05 -4.03686e-05 -8.07078e-05 3.64251e-08 -4.02968e-05 1.82476e-08 2.70026e-09 
263 6.10871e-05 -3.98066e-05 -7.95844e-05 3.53663e-08 -3.97495e-05 1.76618e-08 2.67276e-09 
264 5.89164e-05 -3.92548e-05 -7.84822e-05 3.25664e-08 -3.91905e-05 1.70579e-08 2.6437e-09 
265 -3.52005e-05 -3.8712e-05 -7.73998e-05 2.94172e-08 -3.86668e-05 1.65748e-08 2.61756e-09 
266 -7.44961e-05 -3.81794e-05 -7.63366e-05 2.68969e-08 -3.81302e-05 1.61625e-08 2.59087e-09 
267 -6.67263e-05 -3.76565e-05 -7.52907e-05 2.55326e-08 -3.7599e-05 1.58479e-08 2.56451e-09 
268 -8.21785e-05 -3.71437e-05 -7.42614e-05 2.64686e-08 -3.70797e-05 1.5614e-08 2.53983e-09 
269 -0.000105119 -3.66388e-05 -7.32491e-05 2.87983e-08 -3.65485e-05 1.53817e-08 2.51405e-09 
270 -0.000112586 -3.61418e-05 -7.2253e-05 3.28129e-08 -3.60253e-05 1.50542e-08 2.48903e-09 
271 -5.45343e-05 -3.56543e-05 -7.12749e-05 3.59828e-08 -3.55116e-05 1.4719e-08 2.46437e-09 
272 -1.33245e-06 -3.51748e-05 -7.03144e-05 3.88115e-08 -3.50045e-05 1.42333e-08 2.44058e-09 
273 4.5832e-05 -3.47048e-05 -6.93727e-05 3.88957e-08 -3.45168e-05 1.3705e-08 2.41693e-09 
274 8.2809e-05 -3.42425e-05 -6.84503e-05 3.59503e-08 -3.40456e-05 1.31542e-08 2.39371e-09 
275 2.13042e-05 -3.37881e-05 -6.75461e-05 3.06155e-08 -3.3585e-05 1.26399e-08 2.37116e-09 
276 -4.20175e-05 -3.33415e-05 -6.66583e-05 2.41709e-08 -3.31612e-05 1.22082e-08 2.34999e-09 
277 -7.6572e-05 -3.29038e-05 -6.57852e-05 1.82729e-08 -3.27251e-05 1.18787e-08 2.32888e-09 
278 -6.50424e-05 -3.24716e-05 -6.49256e-05 1.42673e-08 -3.23063e-05 1.16655e-08 2.3089e-09 
279 -7.18009e-05 -3.2048e-05 -6.40777e-05 1.37966e-08 -3.18681e-05 1.14509e-08 2.28971e-09 
280 -0.000117265 -3.16312e-05 -6.32417e-05 1.59709e-08 -3.14318e-05 1.12837e-08 2.27025e-09 
281 -9.1145e-05 -3.12216e-05 -6.24185e-05 1.98779e-08 -3.10143e-05 1.10247e-08 2.25202e-09 
282 -4.96373e-05 -3.08193e-05 -6.16088e-05 2.4158e-08 -3.05881e-05 1.06795e-08 2.23331e-09 
283 2.18151e-06 -3.04224e-05 -6.08149e-05 2.63274e-08 -3.01963e-05 1.02052e-08 2.21585e-09 
284 5.19739e-05 -3.00338e-05 -6.00367e-05 2.58794e-08 -2.9812e-05 9.66483e-09 2.19843e-09 
285 7.33356e-05 -2.96518e-05 -5.92763e-05 2.03752e-08 -2.9471e-05 9.11771e-09 2.18189e-09 
286 3.90321e-05 -2.92753e-05 -5.85314e-05 1.23383e-08 -2.9123e-05 8.624e-09 2.1661e-09 
287 -2.71639e-05 -2.89066e-05 -5.78006e-05 2.57375e-09 -2.88105e-05 8.28e-09 2.15108e-09 
288 -7.53484e-05 -2.85436e-05 -5.70824e-05 -7.72286e-09 -2.84815e-05 8.12451e-09 2.13584e-09 
289 -4.99136e-05 -2.81864e-05 -5.6373e-05 -1.41423e-08 -2.81721e-05 8.15259e-09 2.12126e-09 
290 -6.90772e-05 -2.78354e-05 -5.56717e-05 -1.62502e-08 -2.78243e-05 8.28761e-09 2.10796e-09 
291 -0.000100221 -2.74888e-05 -5.4977e-05 -1.25489e-08 -2.74659e-05 8.44349e-09 2.09465e-09 
292 -9.64973e-05 -2.71485e-05 -5.42899e-05 -4.74514e-09 -2.70828e-05 8.52788e-09 2.0819e-09 
293 -6.69086e-05 -2.68144e-05 -5.36119e-05 5.45527e-09 -2.67081e-05 8.45985e-09 2.06743e-09 
294 -1.88763e-05 -2.64849e-05 -5.29457e-05 1.49811e-08 -2.63352e-05 8.17211e-09 2.05608e-09 
295 3.71968e-05 -2.61615e-05 -5.22939e-05 2.0881e-08 -2.5978e-05 7.72692e-09 2.04426e-09 
296 6.87185e-05 -2.58437e-05 -5.16586e-05 2.03398e-08 -2.56665e-05 7.15698e-09 2.0344e-09 
297 6.71189e-05 -2.55311e-05 -5.1039e-05 1.42497e-08 -2.53837e-05 6.54645e-09 2.02588e-09 
298 1.45926e-05 -2.52239e-05 -5.04345e-05 2.81321e-09 -2.51339e-05 6.08068e-09 2.01919e-09 
299 -3.92131e-05 -2.49214e-05 -4.98416e-05 -1.03802e-08 -2.48915e-05 5.78601e-09 2.01329e-09 
300 -6.36372e-05 -2.46249e-05 -4.92563e-05 -2.15061e-08 -2.46461e-05 5.69204e-09 2.00845e-09 
